18 18
40 40
75 75
94 94
62 62
79 79
30 30
82 82
11 11
48 48
72 72
51 51
98 98
26 26
33 33
88 88
87 87
59 59
70 70
6 6
56 56
74 74
64 64
32 32
43 43
71 71
42 42
69 69
20 20
9 9
10 10
65 65
36 36
0 0
99 99
17 17
3 3
73 73
63 63
1 1
95 95
78 78
19 19
81 81
46 46
49 49
21 21
16 16
12 12
52 52
61 61
38 38
76 76
15 15
90 90
7 7
22 22
50 50
86 86
97 97
27 27
53 53
23 23
25 25
34 34
39 39
47 47
91 91
4 4
96 96
8 8
67 67
37 37
44 44
5 5
85 85
14 14
29 29
45 45
77 77
92 92
83 83
80 80
28 28
60 60
13 13
68 68
58 58
35 35
57 57
66 66
89 89
31 31
84 84
55 55
2 2
41 41
54 54
24 24
93 93
