43 43
63 63
86 86
55 55
6 6
29 29
65 65
67 67
58 58
62 62
35 35
26 26
25 25
37 37
50 50
31 31
42 42
0 0
75 75
4 4
78 78
12 12
69 69
34 34
60 60
64 64
95 95
3 3
59 59
72 72
80 80
47 47
22 22
84 84
56 56
53 53
40 40
20 20
10 10
76 76
24 24
21 21
44 44
74 74
87 87
93 93
71 71
8 8
9 9
18 18
23 23
19 19
90 90
48 48
41 41
94 94
16 16
36 36
5 5
61 61
38 38
32 32
15 15
27 27
89 89
99 99
98 98
46 46
77 77
1 1
54 54
17 17
45 45
68 68
79 79
73 73
33 33
52 52
70 70
28 28
51 51
7 7
49 49
81 81
57 57
14 14
88 88
92 92
97 97
30 30
2 2
83 83
11 11
13 13
39 39
66 66
91 91
96 96
82 82
85 85
