19 19
7 7
73 73
14 14
99 99
47 47
4 4
44 44
30 30
37 37
3 3
77 77
69 69
55 55
79 79
52 52
11 11
24 24
70 70
71 71
66 66
33 33
54 54
16 16
80 80
46 46
13 13
50 50
41 41
49 49
89 89
85 85
78 78
35 35
58 58
60 60
45 45
74 74
63 63
56 56
43 43
57 57
82 82
94 94
90 90
97 97
67 67
86 86
5 5
6 6
98 98
36 36
18 18
17 17
38 38
27 27
26 26
2 2
92 92
15 15
31 31
91 91
68 68
81 81
1 1
10 10
65 65
62 62
53 53
32 32
72 72
40 40
61 61
64 64
75 75
84 84
20 20
59 59
23 23
48 48
51 51
96 96
9 9
87 87
29 29
8 8
25 25
93 93
22 22
12 12
88 88
0 0
28 28
42 42
95 95
39 39
21 21
83 83
76 76
34 34
