64 64
63 63
25 25
19 19
26 26
13 13
39 39
95 95
7 7
11 11
94 94
76 76
44 44
1 1
29 29
33 33
55 55
72 72
35 35
53 53
47 47
82 82
74 74
0 0
87 87
81 81
91 91
43 43
78 78
69 69
14 14
83 83
96 96
66 66
18 18
3 3
24 24
48 48
10 10
4 4
89 89
28 28
54 54
58 58
61 61
22 22
62 62
99 99
98 98
45 45
84 84
30 30
73 73
23 23
27 27
5 5
75 75
42 42
85 85
2 2
92 92
80 80
37 37
20 20
60 60
17 17
68 68
49 49
34 34
79 79
32 32
67 67
86 86
31 31
51 51
38 38
88 88
59 59
70 70
12 12
15 15
8 8
71 71
90 90
36 36
50 50
97 97
46 46
57 57
65 65
9 9
93 93
16 16
77 77
52 52
21 21
40 40
6 6
41 41
56 56
