10 10
48 48
84 84
91 91
0 0
88 88
24 24
63 63
74 74
41 41
44 44
42 42
3 3
26 26
7 7
82 82
23 23
73 73
98 98
83 83
51 51
61 61
52 52
50 50
72 72
22 22
87 87
60 60
9 9
2 2
32 32
70 70
14 14
68 68
65 65
57 57
47 47
78 78
19 19
69 69
4 4
33 33
76 76
67 67
21 21
8 8
97 97
71 71
85 85
96 96
20 20
59 59
1 1
62 62
34 34
45 45
89 89
13 13
31 31
49 49
18 18
46 46
77 77
29 29
36 36
17 17
75 75
80 80
86 86
28 28
30 30
12 12
43 43
39 39
25 25
37 37
53 53
81 81
16 16
15 15
5 5
79 79
94 94
92 92
11 11
95 95
58 58
64 64
35 35
90 90
55 55
40 40
6 6
99 99
27 27
38 38
56 56
93 93
66 66
54 54
