11 11
81 81
12 12
78 78
95 95
91 91
79 79
76 76
16 16
5 5
86 86
93 93
61 61
32 32
4 4
49 49
45 45
38 38
57 57
99 99
6 6
80 80
96 96
27 27
39 39
42 42
44 44
30 30
25 25
3 3
52 52
74 74
33 33
18 18
65 65
20 20
37 37
70 70
34 34
23 23
50 50
88 88
83 83
72 72
14 14
15 15
10 10
89 89
71 71
24 24
60 60
8 8
56 56
98 98
41 41
9 9
84 84
54 54
29 29
28 28
68 68
77 77
43 43
13 13
2 2
62 62
31 31
17 17
59 59
21 21
58 58
85 85
47 47
69 69
87 87
48 48
75 75
35 35
82 82
19 19
92 92
7 7
55 55
66 66
90 90
0 0
22 22
63 63
73 73
40 40
26 26
94 94
36 36
53 53
51 51
46 46
1 1
64 64
97 97
67 67
