23 23
47 47
64 64
18 18
86 86
24 24
80 80
56 56
89 89
25 25
6 6
97 97
15 15
87 87
41 41
30 30
1 1
70 70
76 76
67 67
73 73
71 71
61 61
9 9
29 29
13 13
5 5
3 3
83 83
50 50
66 66
39 39
46 46
16 16
42 42
0 0
2 2
20 20
62 62
88 88
68 68
53 53
82 82
92 92
45 45
34 34
36 36
90 90
27 27
17 17
75 75
8 8
98 98
54 54
7 7
94 94
93 93
96 96
69 69
14 14
78 78
84 84
22 22
51 51
63 63
26 26
55 55
85 85
12 12
79 79
11 11
40 40
52 52
38 38
44 44
58 58
37 37
49 49
99 99
33 33
35 35
65 65
21 21
72 72
74 74
81 81
95 95
57 57
19 19
4 4
43 43
48 48
28 28
31 31
59 59
10 10
91 91
32 32
60 60
77 77
