97 97
93 93
74 74
14 14
82 82
32 32
33 33
70 70
18 18
50 50
13 13
6 6
65 65
54 54
10 10
35 35
89 89
39 39
60 60
80 80
83 83
40 40
30 30
77 77
4 4
51 51
67 67
43 43
45 45
0 0
42 42
63 63
76 76
73 73
64 64
52 52
12 12
44 44
86 86
7 7
49 49
17 17
2 2
61 61
84 84
5 5
34 34
55 55
16 16
20 20
57 57
9 9
31 31
25 25
62 62
15 15
37 37
27 27
28 28
75 75
71 71
88 88
69 69
38 38
79 79
3 3
72 72
81 81
26 26
19 19
23 23
41 41
95 95
96 96
56 56
24 24
53 53
22 22
68 68
85 85
66 66
1 1
99 99
46 46
58 58
29 29
98 98
11 11
36 36
87 87
8 8
90 90
59 59
91 91
92 92
94 94
78 78
47 47
48 48
21 21
