84 84
34 34
57 57
51 51
28 28
75 75
1 1
24 24
99 99
56 56
59 59
65 65
44 44
46 46
38 38
11 11
85 85
76 76
91 91
88 88
70 70
49 49
61 61
33 33
80 80
10 10
40 40
36 36
7 7
89 89
14 14
58 58
54 54
45 45
22 22
2 2
93 93
26 26
50 50
18 18
95 95
48 48
21 21
41 41
20 20
31 31
6 6
16 16
42 42
37 37
12 12
30 30
82 82
79 79
43 43
73 73
77 77
19 19
0 0
69 69
5 5
66 66
67 67
25 25
72 72
53 53
96 96
47 47
87 87
3 3
32 32
52 52
27 27
98 98
78 78
64 64
71 71
86 86
83 83
68 68
62 62
74 74
63 63
90 90
17 17
8 8
92 92
60 60
81 81
35 35
23 23
94 94
29 29
13 13
15 15
4 4
9 9
39 39
97 97
55 55
