67 67
26 26
68 68
92 92
40 40
60 60
8 8
38 38
25 25
75 75
63 63
81 81
0 0
12 12
70 70
32 32
29 29
35 35
66 66
6 6
11 11
48 48
84 84
14 14
77 77
41 41
13 13
23 23
88 88
90 90
69 69
5 5
17 17
89 89
87 87
2 2
52 52
54 54
20 20
95 95
97 97
71 71
16 16
83 83
49 49
82 82
86 86
73 73
78 78
27 27
80 80
24 24
58 58
44 44
45 45
1 1
43 43
47 47
15 15
19 19
55 55
72 72
33 33
30 30
51 51
42 42
7 7
37 37
50 50
21 21
91 91
93 93
98 98
74 74
96 96
79 79
18 18
39 39
46 46
22 22
59 59
34 34
99 99
36 36
61 61
76 76
28 28
65 65
9 9
3 3
56 56
64 64
94 94
53 53
10 10
31 31
85 85
62 62
57 57
4 4
