40 40
16 16
41 41
33 33
68 68
13 13
95 95
69 69
20 20
77 77
12 12
9 9
96 96
22 22
62 62
54 54
75 75
19 19
72 72
58 58
78 78
28 28
81 81
4 4
48 48
5 5
71 71
23 23
83 83
61 61
97 97
42 42
80 80
1 1
79 79
89 89
32 32
50 50
74 74
84 84
30 30
25 25
24 24
36 36
34 34
86 86
37 37
51 51
46 46
65 65
15 15
99 99
21 21
60 60
17 17
56 56
73 73
59 59
39 39
63 63
90 90
94 94
18 18
70 70
91 91
76 76
67 67
0 0
7 7
35 35
52 52
31 31
53 53
11 11
29 29
87 87
43 43
93 93
2 2
57 57
27 27
44 44
14 14
49 49
8 8
92 92
55 55
98 98
26 26
45 45
10 10
85 85
3 3
6 6
47 47
66 66
38 38
82 82
88 88
64 64
