8 8
57 57
7 7
60 60
14 14
90 90
86 86
74 74
84 84
93 93
22 22
17 17
66 66
91 91
96 96
9 9
61 61
3 3
15 15
76 76
44 44
65 65
34 34
37 37
67 67
19 19
36 36
64 64
18 18
88 88
97 97
25 25
4 4
40 40
59 59
33 33
77 77
35 35
43 43
5 5
54 54
71 71
1 1
13 13
79 79
21 21
56 56
38 38
27 27
50 50
98 98
32 32
47 47
94 94
41 41
70 70
26 26
99 99
45 45
31 31
12 12
23 23
82 82
16 16
63 63
87 87
0 0
30 30
80 80
83 83
69 69
6 6
28 28
29 29
46 46
95 95
52 52
24 24
68 68
85 85
72 72
48 48
58 58
2 2
10 10
55 55
62 62
11 11
39 39
53 53
20 20
51 51
73 73
92 92
42 42
81 81
49 49
75 75
89 89
78 78
