64 64
8 8
54 54
29 29
34 34
73 73
52 52
30 30
23 23
98 98
96 96
31 31
25 25
42 42
44 44
67 67
19 19
15 15
45 45
33 33
7 7
55 55
56 56
75 75
2 2
77 77
69 69
87 87
6 6
53 53
5 5
89 89
51 51
0 0
11 11
48 48
78 78
46 46
80 80
84 84
24 24
47 47
59 59
82 82
28 28
4 4
65 65
50 50
81 81
91 91
94 94
57 57
76 76
92 92
60 60
32 32
74 74
70 70
37 37
85 85
16 16
38 38
90 90
43 43
13 13
68 68
26 26
3 3
86 86
71 71
27 27
36 36
99 99
40 40
41 41
58 58
49 49
83 83
22 22
9 9
88 88
97 97
17 17
21 21
35 35
62 62
61 61
20 20
66 66
14 14
95 95
39 39
79 79
63 63
12 12
72 72
93 93
1 1
18 18
10 10
