26 26
73 73
7 7
48 48
79 79
27 27
10 10
86 86
2 2
61 61
95 95
31 31
24 24
80 80
25 25
97 97
84 84
45 45
67 67
22 22
83 83
20 20
0 0
36 36
15 15
58 58
87 87
88 88
57 57
89 89
5 5
75 75
54 54
69 69
39 39
91 91
81 81
1 1
53 53
11 11
47 47
96 96
30 30
32 32
62 62
8 8
23 23
65 65
82 82
9 9
17 17
41 41
98 98
12 12
33 33
66 66
70 70
64 64
68 68
63 63
90 90
3 3
28 28
78 78
52 52
21 21
49 49
38 38
40 40
35 35
72 72
51 51
71 71
4 4
92 92
37 37
43 43
99 99
94 94
60 60
93 93
74 74
56 56
29 29
55 55
76 76
34 34
18 18
13 13
85 85
77 77
16 16
6 6
59 59
14 14
19 19
50 50
44 44
42 42
46 46
