13 13
42 42
16 16
46 46
84 84
51 51
73 73
54 54
53 53
30 30
11 11
78 78
96 96
72 72
52 52
0 0
70 70
55 55
32 32
48 48
49 49
63 63
91 91
7 7
77 77
22 22
18 18
31 31
35 35
60 60
36 36
98 98
9 9
10 10
37 37
97 97
64 64
90 90
3 3
50 50
56 56
65 65
45 45
93 93
82 82
95 95
19 19
99 99
71 71
33 33
28 28
75 75
41 41
38 38
76 76
86 86
94 94
61 61
25 25
4 4
15 15
68 68
43 43
66 66
81 81
83 83
26 26
1 1
89 89
87 87
8 8
27 27
40 40
92 92
12 12
62 62
21 21
14 14
39 39
23 23
88 88
74 74
34 34
17 17
69 69
67 67
80 80
57 57
2 2
24 24
85 85
6 6
20 20
58 58
59 59
47 47
29 29
79 79
44 44
5 5
