91 91
80 80
9 9
30 30
95 95
13 13
29 29
40 40
58 58
88 88
94 94
54 54
92 92
93 93
39 39
48 48
10 10
52 52
56 56
46 46
19 19
5 5
24 24
97 97
50 50
86 86
20 20
18 18
22 22
59 59
28 28
37 37
38 38
0 0
98 98
65 65
77 77
82 82
25 25
61 61
1 1
21 21
3 3
53 53
74 74
31 31
64 64
79 79
45 45
78 78
73 73
49 49
43 43
15 15
36 36
75 75
84 84
4 4
85 85
32 32
63 63
51 51
76 76
17 17
7 7
89 89
81 81
35 35
12 12
23 23
62 62
6 6
34 34
96 96
26 26
87 87
57 57
99 99
72 72
16 16
69 69
67 67
66 66
70 70
90 90
68 68
55 55
2 2
42 42
41 41
44 44
11 11
71 71
14 14
60 60
47 47
33 33
8 8
27 27
83 83
