96 96
6 6
16 16
53 53
3 3
51 51
27 27
9 9
90 90
15 15
38 38
94 94
58 58
64 64
31 31
36 36
40 40
26 26
85 85
1 1
5 5
82 82
61 61
78 78
17 17
47 47
55 55
42 42
13 13
97 97
20 20
69 69
72 72
92 92
33 33
30 30
10 10
19 19
66 66
79 79
86 86
8 8
56 56
71 71
70 70
7 7
41 41
91 91
37 37
12 12
60 60
80 80
14 14
18 18
49 49
74 74
75 75
76 76
87 87
22 22
2 2
68 68
77 77
44 44
0 0
24 24
34 34
29 29
67 67
99 99
65 65
84 84
39 39
43 43
32 32
11 11
81 81
88 88
54 54
89 89
45 45
25 25
93 93
48 48
95 95
73 73
35 35
63 63
83 83
50 50
57 57
59 59
4 4
28 28
46 46
52 52
62 62
98 98
23 23
21 21
