21 21
73 73
28 28
71 71
78 78
50 50
69 69
53 53
59 59
49 49
33 33
51 51
4 4
39 39
37 37
82 82
62 62
85 85
17 17
77 77
0 0
94 94
19 19
90 90
16 16
74 74
91 91
65 65
64 64
96 96
56 56
89 89
86 86
25 25
40 40
75 75
63 63
31 31
55 55
43 43
95 95
48 48
11 11
29 29
6 6
5 5
97 97
34 34
87 87
72 72
98 98
44 44
14 14
26 26
36 36
22 22
35 35
47 47
60 60
41 41
2 2
18 18
54 54
99 99
10 10
70 70
30 30
32 32
13 13
81 81
15 15
80 80
79 79
3 3
88 88
9 9
8 8
83 83
68 68
27 27
52 52
92 92
42 42
23 23
61 61
93 93
84 84
45 45
7 7
76 76
67 67
20 20
1 1
46 46
12 12
38 38
57 57
24 24
58 58
66 66
