22 22
25 25
60 60
88 88
51 51
75 75
16 16
36 36
15 15
96 96
61 61
52 52
49 49
83 83
9 9
72 72
34 34
53 53
33 33
8 8
46 46
87 87
40 40
56 56
12 12
3 3
78 78
67 67
23 23
86 86
76 76
7 7
4 4
84 84
73 73
66 66
79 79
21 21
85 85
44 44
41 41
28 28
82 82
58 58
89 89
99 99
65 65
29 29
35 35
19 19
93 93
10 10
59 59
91 91
45 45
71 71
81 81
62 62
92 92
63 63
74 74
55 55
70 70
2 2
18 18
43 43
69 69
98 98
95 95
38 38
24 24
68 68
80 80
31 31
57 57
54 54
32 32
90 90
5 5
77 77
30 30
14 14
17 17
64 64
97 97
47 47
42 42
94 94
27 27
13 13
48 48
50 50
37 37
20 20
39 39
0 0
1 1
11 11
26 26
6 6
