61 61
43 43
19 19
51 51
88 88
75 75
36 36
63 63
93 93
5 5
13 13
74 74
83 83
85 85
34 34
45 45
71 71
8 8
82 82
15 15
24 24
70 70
4 4
80 80
56 56
87 87
41 41
62 62
1 1
10 10
78 78
3 3
48 48
84 84
91 91
39 39
28 28
59 59
44 44
66 66
31 31
67 67
52 52
14 14
64 64
0 0
90 90
89 89
76 76
11 11
25 25
9 9
68 68
95 95
99 99
65 65
42 42
40 40
73 73
58 58
53 53
69 69
72 72
29 29
30 30
60 60
27 27
12 12
57 57
46 46
79 79
96 96
18 18
22 22
20 20
92 92
38 38
23 23
35 35
33 33
32 32
26 26
98 98
16 16
6 6
55 55
77 77
17 17
54 54
97 97
47 47
2 2
81 81
37 37
7 7
21 21
94 94
50 50
49 49
86 86
