14 14
52 52
33 33
65 65
55 55
31 31
39 39
47 47
12 12
58 58
80 80
63 63
81 81
59 59
48 48
78 78
24 24
49 49
84 84
83 83
3 3
71 71
4 4
28 28
62 62
27 27
13 13
40 40
67 67
37 37
92 92
93 93
22 22
85 85
75 75
68 68
42 42
79 79
96 96
8 8
38 38
57 57
86 86
45 45
61 61
99 99
25 25
5 5
82 82
90 90
95 95
30 30
15 15
26 26
88 88
60 60
76 76
16 16
50 50
97 97
46 46
1 1
91 91
18 18
87 87
73 73
36 36
53 53
70 70
34 34
32 32
23 23
64 64
7 7
69 69
29 29
44 44
17 17
72 72
77 77
51 51
19 19
98 98
9 9
2 2
6 6
89 89
0 0
43 43
21 21
41 41
20 20
35 35
54 54
10 10
56 56
66 66
11 11
74 74
94 94
