94 94
67 67
69 69
49 49
92 92
52 52
73 73
72 72
56 56
46 46
48 48
65 65
25 25
6 6
15 15
7 7
61 61
79 79
39 39
78 78
44 44
4 4
59 59
17 17
89 89
22 22
93 93
9 9
8 8
18 18
24 24
2 2
27 27
75 75
13 13
85 85
80 80
62 62
14 14
0 0
83 83
32 32
38 38
95 95
60 60
51 51
34 34
19 19
50 50
81 81
86 86
1 1
91 91
96 96
36 36
43 43
97 97
42 42
57 57
40 40
23 23
64 64
98 98
68 68
5 5
99 99
31 31
26 26
29 29
82 82
71 71
45 45
3 3
84 84
87 87
20 20
35 35
12 12
54 54
30 30
41 41
28 28
70 70
55 55
33 33
10 10
63 63
90 90
47 47
58 58
53 53
21 21
66 66
11 11
77 77
88 88
37 37
74 74
16 16
76 76
