26 26
56 56
57 57
23 23
81 81
17 17
21 21
9 9
82 82
6 6
83 83
67 67
99 99
22 22
48 48
58 58
20 20
54 54
25 25
46 46
52 52
89 89
0 0
74 74
72 72
42 42
66 66
87 87
7 7
80 80
44 44
79 79
69 69
53 53
32 32
68 68
71 71
5 5
36 36
96 96
92 92
37 37
13 13
86 86
19 19
12 12
85 85
75 75
77 77
88 88
35 35
29 29
84 84
98 98
11 11
60 60
59 59
24 24
16 16
27 27
78 78
90 90
1 1
93 93
41 41
51 51
30 30
8 8
2 2
31 31
73 73
10 10
14 14
64 64
18 18
55 55
47 47
39 39
38 38
33 33
4 4
76 76
63 63
43 43
61 61
15 15
70 70
50 50
62 62
34 34
45 45
95 95
49 49
94 94
3 3
97 97
28 28
65 65
91 91
40 40
