87 87
16 16
92 92
81 81
12 12
85 85
83 83
59 59
65 65
71 71
3 3
45 45
56 56
25 25
54 54
28 28
35 35
82 82
68 68
4 4
60 60
47 47
73 73
11 11
98 98
51 51
76 76
52 52
22 22
89 89
80 80
13 13
5 5
72 72
21 21
78 78
63 63
53 53
41 41
7 7
43 43
36 36
97 97
88 88
0 0
91 91
99 99
31 31
69 69
27 27
26 26
57 57
2 2
86 86
6 6
90 90
9 9
23 23
24 24
67 67
19 19
70 70
58 58
77 77
18 18
34 34
62 62
93 93
37 37
50 50
38 38
29 29
44 44
74 74
39 39
15 15
75 75
96 96
8 8
64 64
95 95
55 55
61 61
10 10
1 1
42 42
33 33
30 30
17 17
49 49
40 40
20 20
32 32
84 84
14 14
48 48
79 79
66 66
46 46
94 94
