42 42
33 33
23 23
36 36
18 18
63 63
10 10
99 99
70 70
87 87
8 8
71 71
53 53
29 29
52 52
4 4
41 41
55 55
19 19
95 95
91 91
40 40
13 13
78 78
15 15
12 12
82 82
1 1
7 7
17 17
66 66
65 65
26 26
2 2
68 68
77 77
5 5
86 86
85 85
50 50
49 49
11 11
83 83
38 38
79 79
0 0
34 34
84 84
39 39
93 93
61 61
32 32
96 96
28 28
45 45
97 97
37 37
25 25
81 81
58 58
30 30
27 27
20 20
69 69
62 62
94 94
92 92
54 54
76 76
44 44
43 43
88 88
3 3
6 6
67 67
16 16
64 64
72 72
56 56
73 73
51 51
75 75
48 48
14 14
35 35
89 89
57 57
31 31
9 9
24 24
46 46
59 59
74 74
22 22
98 98
80 80
90 90
60 60
47 47
21 21
