40 40
33 33
41 41
71 71
63 63
10 10
38 38
88 88
65 65
87 87
85 85
54 54
30 30
5 5
55 55
42 42
37 37
89 89
44 44
99 99
21 21
47 47
28 28
43 43
73 73
81 81
53 53
8 8
72 72
9 9
36 36
1 1
93 93
62 62
25 25
27 27
19 19
0 0
34 34
26 26
67 67
3 3
80 80
24 24
17 17
4 4
22 22
51 51
94 94
64 64
29 29
45 45
92 92
76 76
90 90
12 12
48 48
11 11
50 50
52 52
58 58
95 95
49 49
61 61
15 15
2 2
7 7
35 35
46 46
56 56
74 74
97 97
77 77
14 14
6 6
70 70
31 31
18 18
86 86
68 68
83 83
69 69
59 59
20 20
66 66
91 91
39 39
98 98
96 96
32 32
23 23
82 82
75 75
60 60
57 57
16 16
13 13
84 84
78 78
79 79
