27 27
80 80
88 88
1 1
36 36
23 23
56 56
37 37
40 40
71 71
75 75
79 79
92 92
58 58
59 59
8 8
82 82
6 6
34 34
18 18
13 13
66 66
50 50
62 62
7 7
14 14
42 42
97 97
38 38
93 93
73 73
26 26
98 98
47 47
32 32
46 46
25 25
19 19
2 2
17 17
10 10
95 95
41 41
3 3
29 29
65 65
81 81
67 67
57 57
51 51
5 5
90 90
28 28
72 72
22 22
77 77
60 60
20 20
31 31
9 9
12 12
55 55
87 87
89 89
21 21
74 74
30 30
69 69
61 61
54 54
45 45
33 33
83 83
76 76
94 94
48 48
43 43
78 78
64 64
24 24
11 11
15 15
70 70
0 0
96 96
53 53
49 49
68 68
44 44
85 85
91 91
16 16
99 99
84 84
4 4
63 63
35 35
39 39
52 52
86 86
