33 33
86 86
87 87
10 10
28 28
13 13
41 41
47 47
56 56
83 83
61 61
58 58
93 93
39 39
74 74
66 66
2 2
84 84
1 1
36 36
29 29
4 4
76 76
70 70
99 99
37 37
32 32
71 71
27 27
21 21
31 31
38 38
59 59
17 17
54 54
75 75
42 42
89 89
26 26
48 48
88 88
3 3
49 49
7 7
92 92
65 65
43 43
44 44
64 64
14 14
35 35
25 25
12 12
80 80
82 82
57 57
9 9
18 18
62 62
98 98
50 50
77 77
97 97
19 19
22 22
90 90
73 73
60 60
78 78
5 5
95 95
15 15
85 85
72 72
67 67
46 46
68 68
53 53
94 94
24 24
40 40
69 69
11 11
55 55
30 30
91 91
16 16
45 45
51 51
23 23
0 0
63 63
81 81
96 96
52 52
8 8
6 6
20 20
79 79
34 34
