97 97
46 46
18 18
47 47
88 88
52 52
83 83
41 41
27 27
70 70
90 90
89 89
96 96
67 67
51 51
55 55
92 92
57 57
14 14
17 17
11 11
30 30
8 8
60 60
59 59
19 19
31 31
79 79
48 48
5 5
29 29
80 80
72 72
56 56
4 4
68 68
20 20
54 54
6 6
38 38
71 71
50 50
43 43
24 24
22 22
37 37
15 15
26 26
86 86
76 76
66 66
75 75
58 58
10 10
0 0
49 49
78 78
12 12
82 82
39 39
73 73
25 25
7 7
32 32
62 62
95 95
40 40
35 35
64 64
91 91
42 42
85 85
45 45
3 3
33 33
16 16
63 63
21 21
61 61
53 53
77 77
13 13
2 2
99 99
36 36
44 44
1 1
23 23
9 9
94 94
84 84
65 65
74 74
98 98
28 28
93 93
34 34
87 87
81 81
69 69
