29 29
78 78
86 86
23 23
70 70
6 6
83 83
59 59
22 22
85 85
63 63
50 50
76 76
43 43
19 19
44 44
27 27
87 87
64 64
92 92
67 67
30 30
7 7
47 47
91 91
93 93
34 34
26 26
41 41
13 13
57 57
33 33
46 46
18 18
56 56
88 88
39 39
62 62
17 17
94 94
36 36
66 66
69 69
89 89
82 82
72 72
73 73
31 31
25 25
51 51
60 60
90 90
16 16
97 97
55 55
42 42
0 0
53 53
2 2
24 24
58 58
37 37
20 20
81 81
99 99
14 14
35 35
15 15
10 10
8 8
5 5
4 4
75 75
40 40
80 80
12 12
49 49
74 74
65 65
96 96
48 48
28 28
95 95
32 32
98 98
77 77
3 3
21 21
52 52
54 54
1 1
9 9
38 38
61 61
11 11
84 84
68 68
79 79
71 71
45 45
