49 49
12 12
4 4
73 73
29 29
40 40
75 75
10 10
95 95
47 47
37 37
89 89
14 14
82 82
42 42
65 65
7 7
16 16
53 53
48 48
58 58
27 27
97 97
61 61
81 81
78 78
2 2
57 57
18 18
28 28
83 83
63 63
98 98
90 90
39 39
77 77
59 59
54 54
80 80
19 19
9 9
43 43
60 60
67 67
11 11
15 15
8 8
41 41
25 25
44 44
93 93
72 72
21 21
17 17
20 20
32 32
30 30
45 45
94 94
24 24
56 56
74 74
51 51
88 88
86 86
46 46
36 36
70 70
69 69
55 55
33 33
3 3
79 79
6 6
71 71
62 62
96 96
5 5
92 92
99 99
31 31
76 76
84 84
68 68
35 35
13 13
38 38
26 26
34 34
64 64
91 91
0 0
23 23
66 66
22 22
1 1
87 87
85 85
50 50
52 52
