73 73
74 74
91 91
75 75
58 58
93 93
13 13
95 95
10 10
72 72
26 26
54 54
2 2
30 30
67 67
40 40
92 92
69 69
83 83
96 96
52 52
20 20
57 57
22 22
1 1
71 71
80 80
60 60
25 25
34 34
17 17
18 18
87 87
9 9
42 42
85 85
89 89
5 5
70 70
64 64
63 63
49 49
84 84
62 62
21 21
47 47
45 45
77 77
86 86
15 15
14 14
19 19
81 81
88 88
55 55
53 53
11 11
32 32
33 33
31 31
76 76
16 16
12 12
65 65
46 46
50 50
29 29
48 48
3 3
37 37
23 23
8 8
78 78
51 51
82 82
79 79
38 38
99 99
35 35
39 39
66 66
7 7
90 90
28 28
36 36
56 56
68 68
97 97
41 41
24 24
4 4
0 0
59 59
43 43
61 61
6 6
27 27
94 94
44 44
98 98
