55 55
27 27
45 45
84 84
82 82
71 71
40 40
46 46
41 41
62 62
73 73
88 88
76 76
75 75
43 43
70 70
54 54
31 31
87 87
32 32
25 25
89 89
5 5
95 95
90 90
74 74
7 7
35 35
77 77
68 68
92 92
10 10
36 36
59 59
58 58
20 20
85 85
56 56
86 86
4 4
48 48
9 9
72 72
81 81
26 26
52 52
98 98
29 29
49 49
0 0
60 60
47 47
19 19
1 1
66 66
42 42
21 21
67 67
57 57
6 6
17 17
93 93
53 53
16 16
80 80
15 15
24 24
97 97
79 79
63 63
64 64
12 12
30 30
8 8
22 22
50 50
96 96
51 51
13 13
37 37
78 78
39 39
83 83
2 2
94 94
11 11
69 69
14 14
99 99
23 23
65 65
33 33
44 44
3 3
38 38
18 18
34 34
91 91
28 28
61 61
