78 78
99 99
62 62
69 69
32 32
86 86
66 66
80 80
79 79
25 25
88 88
29 29
42 42
48 48
15 15
21 21
35 35
45 45
22 22
37 37
84 84
28 28
82 82
59 59
61 61
70 70
7 7
95 95
53 53
73 73
85 85
47 47
23 23
65 65
97 97
6 6
20 20
71 71
16 16
83 83
68 68
94 94
54 54
91 91
56 56
18 18
40 40
76 76
1 1
92 92
57 57
89 89
58 58
43 43
31 31
10 10
36 36
14 14
64 64
9 9
90 90
46 46
33 33
81 81
34 34
77 77
74 74
60 60
3 3
12 12
41 41
38 38
98 98
55 55
2 2
93 93
30 30
5 5
49 49
19 19
24 24
0 0
27 27
13 13
26 26
96 96
72 72
67 67
8 8
50 50
44 44
11 11
87 87
39 39
63 63
52 52
17 17
51 51
75 75
4 4
