61 61
25 25
11 11
87 87
39 39
51 51
47 47
26 26
94 94
41 41
81 81
71 71
76 76
64 64
48 48
20 20
75 75
30 30
67 67
89 89
27 27
23 23
7 7
14 14
59 59
44 44
56 56
3 3
62 62
43 43
98 98
95 95
2 2
46 46
16 16
33 33
74 74
12 12
84 84
45 45
10 10
21 21
66 66
28 28
90 90
60 60
85 85
9 9
79 79
92 92
6 6
8 8
0 0
22 22
19 19
50 50
49 49
36 36
38 38
32 32
93 93
96 96
70 70
29 29
99 99
52 52
24 24
15 15
97 97
86 86
40 40
78 78
68 68
13 13
55 55
18 18
35 35
58 58
1 1
31 31
63 63
83 83
65 65
53 53
57 57
5 5
17 17
73 73
82 82
42 42
77 77
34 34
72 72
37 37
69 69
4 4
80 80
91 91
88 88
54 54
