96 96
80 80
50 50
23 23
78 78
8 8
84 84
49 49
14 14
68 68
55 55
18 18
33 33
94 94
20 20
29 29
44 44
7 7
5 5
1 1
97 97
36 36
91 91
66 66
85 85
32 32
40 40
25 25
21 21
72 72
41 41
39 39
3 3
43 43
67 67
38 38
13 13
46 46
54 54
12 12
2 2
82 82
86 86
74 74
24 24
83 83
73 73
19 19
37 37
95 95
69 69
98 98
60 60
4 4
87 87
75 75
45 45
76 76
62 62
16 16
89 89
90 90
52 52
15 15
53 53
51 51
59 59
11 11
65 65
56 56
22 22
6 6
34 34
27 27
58 58
57 57
48 48
31 31
42 42
61 61
81 81
26 26
71 71
70 70
88 88
64 64
9 9
93 93
63 63
30 30
77 77
17 17
35 35
47 47
92 92
0 0
99 99
10 10
28 28
79 79
