81 81
0 0
15 15
68 68
42 42
47 47
60 60
72 72
43 43
51 51
65 65
49 49
4 4
22 22
92 92
16 16
8 8
69 69
29 29
85 85
7 7
82 82
84 84
70 70
9 9
33 33
83 83
20 20
38 38
17 17
97 97
61 61
74 74
62 62
39 39
80 80
77 77
40 40
98 98
71 71
31 31
63 63
87 87
14 14
27 27
3 3
32 32
25 25
90 90
48 48
54 54
35 35
94 94
86 86
93 93
24 24
57 57
26 26
52 52
73 73
23 23
78 78
64 64
30 30
6 6
96 96
88 88
75 75
10 10
45 45
13 13
79 79
56 56
21 21
76 76
58 58
1 1
89 89
18 18
44 44
46 46
67 67
36 36
19 19
34 34
50 50
91 91
53 53
99 99
66 66
28 28
41 41
59 59
11 11
2 2
55 55
95 95
37 37
12 12
5 5
