79 79
87 87
35 35
8 8
14 14
64 64
49 49
3 3
61 61
10 10
39 39
69 69
76 76
15 15
17 17
30 30
42 42
46 46
29 29
4 4
78 78
52 52
32 32
9 9
90 90
19 19
43 43
18 18
50 50
81 81
92 92
54 54
89 89
28 28
67 67
65 65
98 98
99 99
48 48
71 71
55 55
85 85
47 47
57 57
45 45
0 0
38 38
24 24
2 2
41 41
58 58
62 62
1 1
37 37
40 40
44 44
66 66
31 31
84 84
88 88
6 6
25 25
70 70
73 73
95 95
51 51
5 5
33 33
80 80
59 59
72 72
75 75
63 63
96 96
36 36
60 60
53 53
86 86
16 16
56 56
22 22
11 11
68 68
23 23
20 20
7 7
21 21
93 93
91 91
13 13
83 83
34 34
74 74
27 27
97 97
94 94
26 26
12 12
77 77
82 82
