49 49
58 58
57 57
46 46
91 91
2 2
30 30
23 23
88 88
97 97
87 87
24 24
17 17
71 71
27 27
26 26
32 32
14 14
33 33
93 93
79 79
11 11
68 68
8 8
55 55
75 75
20 20
82 82
64 64
36 36
0 0
65 65
72 72
78 78
43 43
63 63
59 59
53 53
54 54
31 31
13 13
51 51
81 81
6 6
62 62
52 52
80 80
19 19
44 44
3 3
34 34
40 40
99 99
85 85
7 7
96 96
10 10
38 38
39 39
35 35
98 98
67 67
22 22
21 21
90 90
9 9
25 25
29 29
56 56
70 70
95 95
48 48
77 77
47 47
41 41
15 15
37 37
92 92
74 74
50 50
18 18
89 89
73 73
60 60
83 83
45 45
42 42
84 84
76 76
5 5
66 66
69 69
12 12
28 28
4 4
61 61
86 86
16 16
94 94
1 1
