89 89
97 97
59 59
28 28
48 48
32 32
96 96
58 58
82 82
30 30
11 11
4 4
0 0
14 14
71 71
23 23
61 61
16 16
69 69
51 51
39 39
53 53
90 90
27 27
49 49
79 79
99 99
50 50
44 44
94 94
93 93
86 86
80 80
47 47
85 85
77 77
25 25
95 95
62 62
57 57
34 34
21 21
72 72
83 83
70 70
2 2
5 5
17 17
73 73
42 42
10 10
81 81
60 60
91 91
12 12
33 33
31 31
22 22
54 54
20 20
56 56
88 88
8 8
76 76
63 63
87 87
46 46
1 1
9 9
64 64
15 15
98 98
41 41
7 7
29 29
78 78
6 6
13 13
40 40
84 84
92 92
38 38
18 18
37 37
26 26
45 45
3 3
52 52
35 35
24 24
55 55
36 36
67 67
19 19
65 65
75 75
43 43
74 74
66 66
68 68
