7 7
34 34
27 27
16 16
94 94
0 0
74 74
47 47
64 64
90 90
79 79
84 84
29 29
99 99
54 54
6 6
11 11
24 24
33 33
61 61
69 69
2 2
50 50
51 51
78 78
71 71
37 37
56 56
13 13
68 68
93 93
38 38
89 89
30 30
67 67
85 85
59 59
43 43
53 53
65 65
46 46
39 39
52 52
20 20
92 92
75 75
77 77
25 25
21 21
41 41
9 9
91 91
28 28
18 18
22 22
57 57
81 81
15 15
76 76
96 96
73 73
95 95
5 5
86 86
10 10
12 12
35 35
3 3
8 8
83 83
49 49
36 36
45 45
98 98
70 70
66 66
1 1
32 32
72 72
60 60
82 82
87 87
48 48
40 40
80 80
14 14
17 17
55 55
42 42
88 88
44 44
58 58
23 23
4 4
97 97
31 31
19 19
26 26
62 62
63 63
