3 3
46 46
94 94
80 80
72 72
89 89
47 47
56 56
97 97
50 50
53 53
37 37
92 92
67 67
20 20
14 14
34 34
25 25
70 70
7 7
38 38
26 26
11 11
57 57
77 77
22 22
73 73
12 12
51 51
68 68
33 33
54 54
78 78
39 39
4 4
95 95
10 10
74 74
42 42
81 81
69 69
16 16
60 60
15 15
6 6
21 21
44 44
5 5
35 35
64 64
99 99
84 84
40 40
18 18
65 65
88 88
41 41
79 79
66 66
27 27
82 82
48 48
2 2
76 76
31 31
83 83
87 87
52 52
24 24
59 59
13 13
58 58
63 63
93 93
49 49
55 55
29 29
0 0
61 61
86 86
1 1
62 62
8 8
32 32
98 98
17 17
91 91
90 90
23 23
28 28
19 19
9 9
85 85
96 96
43 43
45 45
75 75
36 36
30 30
71 71
