17 17
22 22
70 70
96 96
32 32
64 64
88 88
11 11
62 62
8 8
48 48
90 90
86 86
36 36
74 74
85 85
23 23
39 39
73 73
27 27
55 55
25 25
41 41
19 19
31 31
15 15
60 60
80 80
71 71
68 68
76 76
49 49
30 30
34 34
91 91
78 78
38 38
77 77
46 46
61 61
35 35
52 52
56 56
89 89
59 59
53 53
94 94
37 37
26 26
21 21
98 98
47 47
12 12
29 29
75 75
84 84
10 10
9 9
18 18
45 45
54 54
33 33
81 81
28 28
4 4
79 79
2 2
3 3
40 40
72 72
14 14
99 99
13 13
95 95
16 16
50 50
6 6
42 42
93 93
97 97
92 92
20 20
0 0
63 63
65 65
58 58
24 24
82 82
87 87
5 5
83 83
44 44
67 67
66 66
43 43
57 57
7 7
69 69
1 1
51 51
