35 35
85 85
49 49
34 34
64 64
65 65
93 93
89 89
36 36
21 21
37 37
17 17
87 87
2 2
9 9
99 99
33 33
39 39
31 31
67 67
78 78
98 98
79 79
7 7
0 0
22 22
50 50
24 24
76 76
4 4
19 19
55 55
38 38
56 56
10 10
15 15
68 68
46 46
69 69
5 5
97 97
77 77
43 43
57 57
32 32
73 73
42 42
84 84
26 26
96 96
54 54
14 14
72 72
11 11
27 27
3 3
63 63
23 23
59 59
6 6
53 53
74 74
20 20
40 40
81 81
80 80
47 47
82 82
12 12
16 16
1 1
83 83
28 28
95 95
62 62
41 41
75 75
94 94
13 13
8 8
30 30
44 44
66 66
29 29
61 61
92 92
90 90
45 45
70 70
52 52
18 18
51 51
86 86
60 60
91 91
88 88
48 48
58 58
71 71
25 25
