4 4
47 47
24 24
34 34
1 1
84 84
20 20
11 11
94 94
0 0
21 21
97 97
91 91
30 30
85 85
10 10
59 59
55 55
37 37
16 16
83 83
43 43
35 35
69 69
29 29
80 80
44 44
96 96
88 88
41 41
32 32
78 78
71 71
31 31
86 86
8 8
39 39
60 60
64 64
12 12
38 38
67 67
13 13
14 14
98 98
23 23
92 92
70 70
25 25
58 58
22 22
87 87
48 48
15 15
2 2
19 19
95 95
46 46
36 36
79 79
42 42
17 17
76 76
52 52
28 28
93 93
26 26
40 40
75 75
54 54
51 51
89 89
9 9
45 45
77 77
18 18
49 49
50 50
5 5
90 90
53 53
73 73
81 81
56 56
7 7
74 74
72 72
33 33
65 65
63 63
27 27
6 6
62 62
61 61
82 82
68 68
66 66
57 57
99 99
3 3
