44 44
34 34
94 94
25 25
52 52
33 33
7 7
98 98
48 48
23 23
69 69
76 76
60 60
15 15
73 73
65 65
99 99
83 83
90 90
85 85
8 8
92 92
51 51
74 74
67 67
88 88
14 14
37 37
17 17
93 93
82 82
54 54
1 1
46 46
50 50
39 39
13 13
70 70
95 95
49 49
35 35
5 5
84 84
87 87
62 62
29 29
12 12
56 56
57 57
19 19
16 16
40 40
31 31
78 78
21 21
9 9
55 55
89 89
75 75
18 18
72 72
91 91
79 79
24 24
4 4
66 66
86 86
71 71
30 30
20 20
68 68
45 45
11 11
63 63
26 26
96 96
53 53
58 58
22 22
81 81
10 10
27 27
2 2
32 32
97 97
42 42
38 38
36 36
61 61
6 6
77 77
64 64
47 47
80 80
41 41
0 0
43 43
3 3
28 28
59 59
