93 93
4 4
41 41
89 89
35 35
99 99
3 3
50 50
98 98
58 58
12 12
38 38
54 54
71 71
13 13
66 66
10 10
55 55
20 20
30 30
7 7
29 29
43 43
21 21
65 65
19 19
68 68
34 34
67 67
16 16
91 91
83 83
96 96
49 49
17 17
51 51
27 27
72 72
84 84
47 47
48 48
76 76
81 81
11 11
5 5
28 28
59 59
46 46
90 90
64 64
14 14
42 42
25 25
63 63
52 52
88 88
1 1
56 56
26 26
31 31
0 0
74 74
24 24
37 37
82 82
15 15
22 22
23 23
94 94
53 53
2 2
60 60
40 40
9 9
57 57
80 80
79 79
97 97
18 18
87 87
77 77
92 92
61 61
45 45
75 75
86 86
8 8
78 78
70 70
39 39
33 33
44 44
85 85
95 95
62 62
73 73
69 69
6 6
36 36
32 32
