83 83
97 97
8 8
71 71
95 95
16 16
94 94
42 42
31 31
63 63
9 9
58 58
29 29
60 60
12 12
18 18
25 25
47 47
43 43
52 52
48 48
56 56
36 36
53 53
20 20
62 62
35 35
99 99
82 82
44 44
96 96
27 27
33 33
64 64
87 87
30 30
90 90
5 5
32 32
65 65
17 17
50 50
91 91
54 54
21 21
28 28
23 23
57 57
1 1
26 26
98 98
22 22
49 49
6 6
85 85
14 14
75 75
88 88
55 55
72 72
39 39
77 77
79 79
41 41
7 7
69 69
15 15
61 61
92 92
68 68
84 84
13 13
11 11
67 67
73 73
0 0
3 3
51 51
81 81
70 70
78 78
37 37
38 38
4 4
19 19
74 74
10 10
80 80
24 24
66 66
2 2
40 40
59 59
34 34
93 93
89 89
86 86
46 46
76 76
45 45
