58 58
73 73
71 71
65 65
80 80
36 36
46 46
47 47
4 4
39 39
49 49
85 85
62 62
27 27
74 74
59 59
11 11
24 24
96 96
31 31
43 43
10 10
98 98
79 79
94 94
8 8
75 75
30 30
84 84
17 17
33 33
7 7
21 21
68 68
89 89
99 99
70 70
16 16
41 41
28 28
77 77
23 23
26 26
14 14
69 69
18 18
50 50
76 76
1 1
44 44
42 42
81 81
97 97
25 25
3 3
57 57
40 40
20 20
45 45
9 9
53 53
32 32
13 13
72 72
48 48
6 6
5 5
87 87
61 61
90 90
19 19
66 66
93 93
67 67
60 60
12 12
56 56
64 64
38 38
63 63
83 83
86 86
35 35
88 88
22 22
0 0
37 37
15 15
91 91
54 54
2 2
92 92
78 78
51 51
95 95
52 52
34 34
82 82
29 29
55 55
