93 93
82 82
60 60
51 51
40 40
31 31
16 16
6 6
11 11
2 2
89 89
36 36
92 92
84 84
79 79
96 96
78 78
39 39
37 37
45 45
55 55
50 50
86 86
57 57
44 44
80 80
22 22
38 38
90 90
85 85
71 71
28 28
53 53
34 34
1 1
42 42
19 19
8 8
20 20
24 24
49 49
43 43
9 9
65 65
62 62
69 69
29 29
72 72
12 12
99 99
81 81
0 0
61 61
46 46
68 68
95 95
48 48
15 15
10 10
7 7
58 58
27 27
59 59
94 94
18 18
75 75
26 26
52 52
64 64
91 91
14 14
17 17
73 73
87 87
30 30
35 35
83 83
23 23
32 32
76 76
74 74
5 5
56 56
54 54
3 3
97 97
47 47
98 98
41 41
4 4
70 70
77 77
21 21
25 25
33 33
63 63
13 13
66 66
88 88
67 67
