71 71
58 58
56 56
0 0
10 10
77 77
65 65
76 76
43 43
48 48
3 3
82 82
66 66
69 69
59 59
42 42
92 92
19 19
68 68
61 61
98 98
41 41
53 53
86 86
50 50
17 17
96 96
2 2
5 5
8 8
26 26
18 18
57 57
67 67
46 46
97 97
95 95
25 25
14 14
36 36
64 64
37 37
52 52
51 51
21 21
31 31
88 88
75 75
11 11
45 45
7 7
91 91
89 89
73 73
49 49
84 84
13 13
30 30
15 15
32 32
72 72
70 70
81 81
28 28
38 38
94 94
39 39
20 20
93 93
80 80
35 35
23 23
74 74
47 47
27 27
6 6
78 78
90 90
87 87
16 16
85 85
99 99
79 79
29 29
62 62
24 24
60 60
1 1
54 54
40 40
9 9
63 63
22 22
4 4
34 34
55 55
12 12
33 33
83 83
44 44
