97 97
98 98
62 62
40 40
95 95
51 51
39 39
57 57
81 81
84 84
8 8
7 7
45 45
89 89
19 19
91 91
27 27
54 54
42 42
52 52
34 34
24 24
41 41
55 55
83 83
4 4
60 60
44 44
11 11
82 82
21 21
94 94
37 37
74 74
59 59
26 26
33 33
96 96
69 69
43 43
30 30
1 1
22 22
93 93
90 90
78 78
36 36
23 23
63 63
77 77
13 13
80 80
12 12
2 2
56 56
61 61
35 35
47 47
67 67
10 10
20 20
3 3
66 66
87 87
70 70
49 49
31 31
14 14
73 73
29 29
88 88
92 92
15 15
86 86
0 0
6 6
46 46
75 75
99 99
64 64
85 85
25 25
68 68
17 17
76 76
72 72
53 53
79 79
5 5
65 65
71 71
16 16
38 38
28 28
9 9
58 58
18 18
32 32
50 50
48 48
