91 91
30 30
87 87
6 6
71 71
68 68
72 72
22 22
50 50
54 54
92 92
18 18
69 69
7 7
11 11
41 41
80 80
98 98
75 75
4 4
40 40
35 35
20 20
56 56
89 89
73 73
13 13
21 21
53 53
36 36
32 32
78 78
10 10
62 62
64 64
66 66
51 51
57 57
49 49
65 65
63 63
17 17
44 44
23 23
67 67
1 1
45 45
85 85
88 88
86 86
16 16
19 19
70 70
93 93
39 39
90 90
77 77
27 27
31 31
3 3
25 25
94 94
96 96
83 83
82 82
43 43
60 60
26 26
76 76
9 9
29 29
61 61
28 28
95 95
12 12
81 81
15 15
47 47
33 33
74 74
84 84
5 5
8 8
58 58
97 97
99 99
37 37
38 38
14 14
59 59
0 0
48 48
2 2
42 42
55 55
24 24
52 52
46 46
79 79
34 34
