89 89
15 15
24 24
96 96
9 9
22 22
50 50
16 16
2 2
37 37
18 18
93 93
83 83
66 66
26 26
34 34
5 5
51 51
86 86
27 27
76 76
3 3
20 20
1 1
10 10
60 60
95 95
84 84
65 65
77 77
8 8
12 12
30 30
25 25
56 56
52 52
61 61
94 94
45 45
71 71
59 59
23 23
73 73
48 48
36 36
82 82
79 79
55 55
67 67
78 78
85 85
54 54
14 14
90 90
19 19
70 70
64 64
35 35
88 88
74 74
32 32
4 4
49 49
99 99
92 92
44 44
80 80
29 29
57 57
91 91
75 75
41 41
87 87
63 63
43 43
17 17
97 97
13 13
0 0
11 11
28 28
6 6
53 53
38 38
81 81
62 62
42 42
39 39
40 40
72 72
7 7
58 58
69 69
68 68
21 21
47 47
31 31
33 33
46 46
98 98
