68 68
5 5
21 21
95 95
8 8
59 59
89 89
44 44
80 80
54 54
85 85
27 27
47 47
77 77
38 38
19 19
33 33
55 55
2 2
42 42
56 56
94 94
12 12
34 34
22 22
41 41
86 86
96 96
61 61
17 17
49 49
53 53
40 40
20 20
84 84
7 7
88 88
45 45
50 50
64 64
48 48
9 9
32 32
24 24
10 10
65 65
0 0
70 70
1 1
26 26
6 6
83 83
63 63
35 35
78 78
43 43
14 14
93 93
92 92
30 30
72 72
23 23
46 46
74 74
37 37
11 11
57 57
28 28
90 90
16 16
31 31
4 4
67 67
51 51
81 81
15 15
71 71
97 97
87 87
73 73
75 75
18 18
60 60
58 58
29 29
52 52
79 79
13 13
25 25
62 62
99 99
82 82
39 39
3 3
98 98
91 91
66 66
76 76
69 69
36 36
