1 1
17 17
19 19
35 35
6 6
37 37
23 23
18 18
32 32
25 25
33 33
59 59
27 27
98 98
90 90
83 83
75 75
64 64
50 50
15 15
43 43
53 53
39 39
82 82
66 66
21 21
58 58
62 62
51 51
96 96
60 60
11 11
88 88
73 73
36 36
30 30
71 71
20 20
81 81
94 94
84 84
77 77
61 61
44 44
38 38
28 28
22 22
24 24
31 31
46 46
76 76
16 16
78 78
85 85
86 86
45 45
70 70
4 4
40 40
93 93
26 26
48 48
55 55
8 8
10 10
68 68
14 14
80 80
54 54
56 56
87 87
41 41
91 91
89 89
63 63
34 34
42 42
49 49
97 97
12 12
2 2
0 0
52 52
74 74
57 57
99 99
92 92
72 72
9 9
3 3
79 79
13 13
29 29
65 65
69 69
47 47
95 95
7 7
67 67
5 5
