22 22
27 27
34 34
26 26
21 21
82 82
16 16
71 71
4 4
90 90
39 39
5 5
25 25
2 2
24 24
75 75
94 94
29 29
70 70
28 28
12 12
73 73
84 84
98 98
74 74
63 63
49 49
40 40
53 53
56 56
78 78
85 85
54 54
38 38
42 42
31 31
96 96
58 58
92 92
88 88
65 65
35 35
44 44
81 81
50 50
86 86
91 91
87 87
77 77
67 67
55 55
48 48
32 32
20 20
59 59
23 23
76 76
72 72
15 15
36 36
13 13
33 33
41 41
52 52
47 47
83 83
69 69
14 14
51 51
80 80
46 46
11 11
43 43
17 17
19 19
3 3
30 30
6 6
93 93
61 61
37 37
0 0
95 95
68 68
45 45
10 10
9 9
66 66
57 57
64 64
89 89
97 97
8 8
18 18
62 62
79 79
99 99
60 60
1 1
7 7
