37 37
11 11
51 51
32 32
74 74
66 66
34 34
82 82
22 22
20 20
99 99
49 49
95 95
91 91
61 61
79 79
69 69
24 24
78 78
21 21
81 81
25 25
1 1
12 12
16 16
56 56
36 36
83 83
38 38
58 58
27 27
90 90
64 64
75 75
23 23
45 45
60 60
35 35
80 80
97 97
70 70
9 9
6 6
72 72
73 73
30 30
98 98
4 4
54 54
55 55
44 44
50 50
41 41
68 68
92 92
63 63
31 31
33 33
88 88
40 40
94 94
15 15
7 7
47 47
85 85
5 5
2 2
48 48
39 39
62 62
77 77
13 13
42 42
28 28
86 86
3 3
89 89
46 46
59 59
10 10
26 26
57 57
29 29
17 17
43 43
14 14
19 19
67 67
52 52
53 53
65 65
8 8
71 71
0 0
18 18
76 76
84 84
93 93
96 96
87 87
