6 6
73 73
46 46
74 74
79 79
76 76
40 40
27 27
14 14
36 36
54 54
2 2
94 94
26 26
28 28
75 75
1 1
32 32
87 87
84 84
99 99
12 12
42 42
58 58
30 30
10 10
96 96
25 25
59 59
77 77
53 53
67 67
97 97
69 69
85 85
4 4
78 78
82 82
56 56
62 62
38 38
49 49
0 0
88 88
65 65
39 39
21 21
91 91
44 44
66 66
13 13
80 80
48 48
43 43
50 50
33 33
64 64
37 37
92 92
60 60
19 19
51 51
7 7
9 9
98 98
95 95
72 72
47 47
61 61
57 57
23 23
20 20
68 68
52 52
31 31
24 24
55 55
22 22
17 17
3 3
63 63
70 70
45 45
8 8
86 86
71 71
5 5
15 15
41 41
81 81
83 83
11 11
34 34
16 16
90 90
35 35
18 18
29 29
89 89
93 93
