77 77
85 85
6 6
7 7
37 37
39 39
88 88
79 79
0 0
12 12
95 95
63 63
3 3
44 44
21 21
1 1
68 68
97 97
17 17
40 40
92 92
51 51
30 30
83 83
14 14
81 81
90 90
56 56
22 22
69 69
72 72
38 38
24 24
42 42
65 65
52 52
66 66
8 8
78 78
46 46
60 60
57 57
15 15
4 4
11 11
18 18
70 70
13 13
2 2
27 27
53 53
43 43
23 23
84 84
33 33
26 26
58 58
71 71
80 80
99 99
98 98
47 47
5 5
82 82
55 55
73 73
34 34
10 10
75 75
36 36
28 28
31 31
32 32
62 62
50 50
67 67
48 48
61 61
35 35
93 93
45 45
94 94
20 20
89 89
87 87
59 59
64 64
86 86
25 25
91 91
49 49
9 9
41 41
76 76
54 54
19 19
74 74
29 29
96 96
16 16
