2 2
33 33
84 84
76 76
85 85
68 68
52 52
28 28
5 5
19 19
63 63
24 24
13 13
98 98
78 78
67 67
94 94
10 10
14 14
53 53
23 23
87 87
42 42
81 81
46 46
62 62
69 69
48 48
58 58
93 93
39 39
82 82
45 45
43 43
29 29
18 18
72 72
21 21
57 57
3 3
22 22
95 95
31 31
73 73
15 15
47 47
27 27
71 71
83 83
80 80
96 96
20 20
70 70
35 35
32 32
0 0
89 89
77 77
99 99
97 97
40 40
8 8
66 66
61 61
65 65
7 7
38 38
56 56
26 26
44 44
1 1
16 16
59 59
54 54
30 30
11 11
55 55
17 17
86 86
37 37
51 51
91 91
49 49
88 88
25 25
90 90
79 79
41 41
92 92
60 60
74 74
75 75
64 64
12 12
36 36
50 50
34 34
9 9
4 4
6 6
