33 33
99 99
44 44
6 6
38 38
48 48
47 47
60 60
74 74
31 31
58 58
37 37
4 4
73 73
98 98
78 78
55 55
71 71
39 39
46 46
23 23
92 92
52 52
96 96
41 41
64 64
57 57
54 54
82 82
65 65
87 87
75 75
63 63
70 70
84 84
86 86
1 1
12 12
43 43
53 53
30 30
35 35
0 0
29 29
18 18
62 62
93 93
79 79
7 7
94 94
77 77
61 61
32 32
85 85
26 26
13 13
34 34
56 56
36 36
95 95
81 81
2 2
10 10
40 40
50 50
17 17
88 88
9 9
67 67
59 59
49 49
90 90
76 76
66 66
25 25
11 11
42 42
69 69
5 5
91 91
97 97
45 45
51 51
8 8
28 28
19 19
15 15
89 89
24 24
16 16
83 83
80 80
22 22
14 14
68 68
3 3
72 72
27 27
21 21
20 20
