27 27
98 98
24 24
74 74
17 17
39 39
95 95
54 54
5 5
75 75
9 9
57 57
6 6
64 64
63 63
68 68
7 7
36 36
4 4
83 83
72 72
59 59
79 79
19 19
99 99
58 58
44 44
29 29
65 65
2 2
32 32
94 94
26 26
50 50
70 70
45 45
21 21
0 0
69 69
96 96
47 47
86 86
12 12
85 85
52 52
38 38
33 33
93 93
67 67
11 11
10 10
41 41
31 31
25 25
55 55
80 80
53 53
30 30
20 20
46 46
62 62
88 88
18 18
71 71
14 14
60 60
56 56
76 76
16 16
34 34
1 1
92 92
3 3
81 81
35 35
51 51
89 89
87 87
8 8
73 73
23 23
77 77
42 42
28 28
22 22
82 82
48 48
49 49
15 15
40 40
37 37
97 97
66 66
13 13
61 61
90 90
43 43
78 78
91 91
84 84
