6 6
80 80
55 55
23 23
62 62
31 31
21 21
52 52
40 40
53 53
28 28
63 63
45 45
3 3
61 61
7 7
95 95
56 56
14 14
8 8
68 68
75 75
36 36
93 93
87 87
2 2
60 60
39 39
18 18
74 74
0 0
88 88
12 12
78 78
79 79
81 81
67 67
4 4
44 44
66 66
85 85
89 89
70 70
77 77
84 84
57 57
48 48
22 22
37 37
16 16
59 59
71 71
49 49
46 46
65 65
13 13
20 20
97 97
42 42
69 69
72 72
54 54
24 24
30 30
1 1
47 47
98 98
35 35
19 19
51 51
15 15
32 32
27 27
58 58
91 91
73 73
26 26
99 99
94 94
83 83
82 82
50 50
43 43
11 11
9 9
92 92
41 41
76 76
64 64
17 17
25 25
86 86
5 5
10 10
29 29
90 90
33 33
38 38
96 96
34 34
