82 82
14 14
21 21
96 96
40 40
42 42
13 13
11 11
99 99
57 57
79 79
48 48
54 54
83 83
18 18
55 55
19 19
32 32
27 27
60 60
4 4
25 25
81 81
44 44
87 87
0 0
75 75
28 28
15 15
37 37
17 17
22 22
1 1
9 9
49 49
10 10
68 68
43 43
63 63
62 62
30 30
84 84
92 92
64 64
72 72
26 26
2 2
20 20
70 70
36 36
97 97
80 80
65 65
89 89
98 98
77 77
61 61
76 76
8 8
33 33
95 95
50 50
90 90
86 86
88 88
51 51
5 5
46 46
58 58
71 71
66 66
53 53
59 59
3 3
12 12
47 47
74 74
29 29
94 94
38 38
23 23
78 78
7 7
56 56
69 69
41 41
67 67
39 39
35 35
45 45
34 34
85 85
31 31
91 91
73 73
24 24
6 6
52 52
16 16
93 93
