24 24
76 76
34 34
26 26
97 97
20 20
88 88
60 60
5 5
59 59
30 30
93 93
4 4
96 96
38 38
89 89
84 84
50 50
75 75
2 2
47 47
15 15
12 12
77 77
98 98
19 19
72 72
87 87
16 16
37 37
62 62
36 36
64 64
63 63
56 56
33 33
40 40
94 94
10 10
13 13
92 92
18 18
58 58
0 0
67 67
90 90
74 74
61 61
51 51
31 31
7 7
55 55
68 68
85 85
41 41
73 73
80 80
52 52
17 17
49 49
65 65
70 70
66 66
21 21
28 28
22 22
43 43
78 78
95 95
53 53
83 83
25 25
35 35
9 9
29 29
82 82
48 48
39 39
99 99
8 8
86 86
1 1
69 69
32 32
42 42
11 11
6 6
45 45
14 14
91 91
3 3
79 79
46 46
71 71
54 54
27 27
44 44
23 23
57 57
81 81
