57 57
89 89
68 68
97 97
41 41
42 42
36 36
4 4
62 62
77 77
85 85
9 9
25 25
63 63
82 82
17 17
86 86
75 75
34 34
3 3
81 81
91 91
84 84
92 92
56 56
22 22
51 51
69 69
38 38
33 33
50 50
52 52
95 95
43 43
78 78
67 67
26 26
11 11
15 15
28 28
94 94
23 23
16 16
99 99
80 80
2 2
58 58
30 30
73 73
64 64
19 19
59 59
93 93
39 39
83 83
74 74
60 60
46 46
61 61
65 65
49 49
40 40
66 66
31 31
18 18
1 1
44 44
37 37
72 72
24 24
55 55
0 0
35 35
45 45
54 54
88 88
7 7
96 96
70 70
87 87
12 12
53 53
21 21
29 29
48 48
79 79
10 10
13 13
8 8
20 20
6 6
47 47
32 32
27 27
5 5
14 14
71 71
98 98
90 90
76 76
