30 30
27 27
47 47
37 37
71 71
80 80
35 35
50 50
36 36
94 94
39 39
12 12
4 4
22 22
15 15
95 95
86 86
82 82
7 7
92 92
18 18
73 73
48 48
56 56
52 52
3 3
33 33
91 91
75 75
9 9
11 11
96 96
72 72
16 16
70 70
34 34
10 10
76 76
53 53
81 81
93 93
31 31
84 84
85 85
63 63
66 66
25 25
98 98
17 17
62 62
74 74
58 58
8 8
78 78
55 55
5 5
49 49
13 13
0 0
77 77
79 79
21 21
26 26
89 89
57 57
40 40
68 68
51 51
38 38
46 46
61 61
42 42
97 97
28 28
6 6
90 90
41 41
24 24
1 1
32 32
2 2
65 65
45 45
99 99
60 60
14 14
29 29
43 43
54 54
64 64
83 83
69 69
87 87
44 44
88 88
59 59
23 23
19 19
20 20
67 67
