27 27
71 71
74 74
99 99
9 9
75 75
82 82
43 43
88 88
33 33
19 19
79 79
92 92
21 21
0 0
80 80
42 42
94 94
53 53
24 24
39 39
3 3
77 77
16 16
54 54
38 38
93 93
11 11
50 50
97 97
23 23
25 25
28 28
14 14
18 18
90 90
73 73
69 69
83 83
29 29
61 61
40 40
46 46
96 96
60 60
13 13
47 47
84 84
1 1
70 70
78 78
45 45
31 31
2 2
67 67
87 87
52 52
10 10
49 49
12 12
86 86
91 91
34 34
68 68
58 58
62 62
5 5
41 41
65 65
51 51
66 66
89 89
76 76
98 98
56 56
4 4
8 8
7 7
95 95
17 17
22 22
48 48
35 35
55 55
57 57
64 64
15 15
6 6
36 36
32 32
85 85
37 37
72 72
30 30
59 59
26 26
20 20
63 63
81 81
44 44
