30 30
56 56
13 13
24 24
46 46
21 21
78 78
5 5
93 93
10 10
74 74
41 41
90 90
76 76
45 45
16 16
1 1
37 37
92 92
7 7
19 19
88 88
36 36
58 58
8 8
2 2
32 32
39 39
26 26
75 75
69 69
94 94
68 68
34 34
86 86
51 51
67 67
95 95
43 43
20 20
61 61
71 71
33 33
40 40
48 48
79 79
98 98
54 54
12 12
83 83
38 38
85 85
73 73
23 23
77 77
62 62
29 29
27 27
0 0
14 14
4 4
52 52
99 99
6 6
57 57
80 80
42 42
31 31
59 59
82 82
63 63
60 60
64 64
65 65
81 81
28 28
96 96
87 87
25 25
47 47
49 49
17 17
3 3
53 53
91 91
84 84
15 15
72 72
55 55
35 35
22 22
50 50
44 44
66 66
11 11
97 97
89 89
18 18
70 70
9 9
