76 76
46 46
1 1
83 83
10 10
53 53
71 71
24 24
99 99
34 34
60 60
67 67
28 28
32 32
68 68
95 95
19 19
39 39
2 2
50 50
64 64
55 55
73 73
15 15
42 42
14 14
47 47
70 70
78 78
65 65
74 74
85 85
30 30
4 4
62 62
77 77
9 9
72 72
89 89
27 27
54 54
75 75
23 23
88 88
17 17
6 6
25 25
84 84
13 13
12 12
52 52
48 48
86 86
40 40
20 20
92 92
79 79
36 36
98 98
82 82
94 94
18 18
56 56
49 49
58 58
26 26
44 44
41 41
21 21
91 91
3 3
22 22
8 8
80 80
87 87
29 29
43 43
45 45
93 93
81 81
16 16
59 59
97 97
69 69
38 38
63 63
96 96
57 57
5 5
35 35
66 66
33 33
51 51
61 61
31 31
0 0
7 7
37 37
90 90
11 11
