80 80
26 26
67 67
63 63
24 24
42 42
59 59
84 84
30 30
69 69
87 87
10 10
21 21
94 94
22 22
28 28
54 54
29 29
86 86
20 20
96 96
3 3
18 18
12 12
78 78
9 9
49 49
74 74
90 90
41 41
31 31
56 56
58 58
6 6
68 68
23 23
93 93
4 4
14 14
33 33
72 72
45 45
19 19
51 51
53 53
2 2
17 17
50 50
99 99
7 7
77 77
35 35
97 97
37 37
70 70
71 71
76 76
52 52
73 73
36 36
79 79
0 0
11 11
95 95
85 85
64 64
15 15
5 5
55 55
48 48
66 66
89 89
13 13
25 25
1 1
62 62
46 46
88 88
57 57
65 65
16 16
38 38
39 39
34 34
60 60
47 47
82 82
27 27
40 40
81 81
32 32
44 44
75 75
98 98
43 43
91 91
92 92
61 61
8 8
83 83
