36 36
64 64
61 61
50 50
94 94
8 8
31 31
52 52
45 45
38 38
59 59
22 22
96 96
10 10
84 84
69 69
74 74
0 0
32 32
81 81
51 51
85 85
16 16
14 14
77 77
12 12
87 87
9 9
93 93
41 41
33 33
28 28
80 80
26 26
76 76
70 70
48 48
57 57
24 24
4 4
99 99
20 20
29 29
35 35
98 98
55 55
11 11
15 15
73 73
63 63
95 95
91 91
42 42
43 43
62 62
82 82
5 5
56 56
78 78
83 83
89 89
53 53
65 65
25 25
88 88
79 79
21 21
19 19
86 86
40 40
71 71
37 37
1 1
46 46
7 7
97 97
2 2
17 17
18 18
49 49
23 23
3 3
13 13
92 92
34 34
6 6
58 58
27 27
67 67
47 47
30 30
44 44
90 90
75 75
68 68
66 66
72 72
39 39
60 60
54 54
