12 12
5 5
51 51
87 87
92 92
82 82
77 77
0 0
1 1
18 18
47 47
20 20
42 42
85 85
46 46
59 59
67 67
14 14
50 50
68 68
19 19
43 43
71 71
37 37
63 63
23 23
75 75
22 22
55 55
93 93
61 61
33 33
13 13
21 21
91 91
27 27
6 6
28 28
7 7
98 98
96 96
26 26
8 8
49 49
86 86
90 90
56 56
31 31
83 83
48 48
38 38
94 94
80 80
57 57
44 44
60 60
69 69
97 97
99 99
78 78
24 24
36 36
58 58
34 34
3 3
72 72
81 81
41 41
52 52
64 64
45 45
15 15
39 39
89 89
4 4
35 35
2 2
73 73
32 32
76 76
95 95
16 16
11 11
79 79
66 66
30 30
70 70
40 40
74 74
10 10
84 84
54 54
53 53
25 25
62 62
88 88
9 9
65 65
29 29
17 17
