47 47
66 66
99 99
17 17
74 74
95 95
26 26
45 45
30 30
67 67
60 60
91 91
93 93
32 32
7 7
78 78
1 1
88 88
48 48
0 0
75 75
94 94
57 57
6 6
13 13
71 71
19 19
28 28
9 9
31 31
4 4
20 20
18 18
84 84
65 65
37 37
79 79
82 82
98 98
72 72
53 53
51 51
56 56
42 42
11 11
87 87
55 55
27 27
2 2
52 52
43 43
14 14
96 96
21 21
34 34
70 70
38 38
58 58
24 24
5 5
97 97
63 63
64 64
68 68
76 76
59 59
77 77
85 85
46 46
12 12
90 90
89 89
25 25
92 92
39 39
16 16
69 69
73 73
22 22
35 35
8 8
10 10
44 44
49 49
41 41
81 81
36 36
61 61
80 80
15 15
62 62
83 83
54 54
40 40
50 50
3 3
33 33
86 86
29 29
23 23
