81 81
9 9
26 26
1 1
95 95
62 62
27 27
85 85
23 23
98 98
2 2
13 13
29 29
34 34
78 78
32 32
31 31
0 0
45 45
36 36
74 74
44 44
73 73
12 12
15 15
28 28
76 76
65 65
50 50
59 59
55 55
54 54
17 17
49 49
25 25
46 46
66 66
82 82
83 83
56 56
99 99
47 47
97 97
18 18
11 11
33 33
19 19
3 3
20 20
22 22
39 39
79 79
64 64
37 37
53 53
68 68
80 80
90 90
41 41
84 84
24 24
86 86
58 58
93 93
6 6
89 89
30 30
38 38
43 43
87 87
8 8
63 63
75 75
16 16
61 61
96 96
77 77
48 48
35 35
67 67
7 7
40 40
21 21
60 60
72 72
88 88
69 69
70 70
71 71
4 4
42 42
92 92
14 14
10 10
52 52
91 91
5 5
51 51
57 57
94 94
