14 14
34 34
5 5
94 94
60 60
77 77
19 19
45 45
81 81
12 12
62 62
44 44
70 70
20 20
91 91
58 58
9 9
51 51
80 80
24 24
88 88
99 99
48 48
97 97
76 76
78 78
69 69
15 15
79 79
55 55
0 0
83 83
41 41
93 93
61 61
89 89
4 4
17 17
50 50
47 47
36 36
23 23
92 92
75 75
42 42
98 98
63 63
74 74
73 73
38 38
65 65
72 72
64 64
11 11
57 57
32 32
49 49
21 21
59 59
54 54
10 10
66 66
1 1
6 6
29 29
46 46
25 25
16 16
40 40
68 68
86 86
30 30
43 43
13 13
18 18
33 33
96 96
90 90
82 82
67 67
56 56
22 22
7 7
28 28
53 53
87 87
8 8
95 95
39 39
26 26
71 71
85 85
2 2
31 31
37 37
3 3
27 27
35 35
84 84
52 52
