3 3
75 75
20 20
4 4
60 60
53 53
81 81
77 77
84 84
47 47
66 66
56 56
9 9
32 32
0 0
90 90
58 58
86 86
57 57
44 44
46 46
99 99
36 36
17 17
10 10
98 98
35 35
16 16
27 27
19 19
42 42
22 22
6 6
87 87
28 28
34 34
33 33
94 94
31 31
82 82
38 38
96 96
2 2
50 50
79 79
78 78
67 67
23 23
92 92
91 91
64 64
71 71
89 89
12 12
97 97
7 7
62 62
15 15
72 72
54 54
85 85
18 18
88 88
26 26
95 95
76 76
13 13
25 25
40 40
39 39
51 51
68 68
8 8
37 37
24 24
80 80
14 14
45 45
61 61
43 43
48 48
63 63
21 21
69 69
59 59
55 55
11 11
65 65
74 74
29 29
30 30
93 93
83 83
52 52
5 5
1 1
49 49
70 70
41 41
73 73
