71 71
25 25
63 63
34 34
23 23
1 1
36 36
82 82
72 72
58 58
46 46
0 0
94 94
30 30
41 41
18 18
70 70
95 95
96 96
35 35
61 61
62 62
68 68
24 24
64 64
81 81
77 77
13 13
42 42
67 67
6 6
32 32
54 54
3 3
89 89
57 57
78 78
69 69
7 7
50 50
99 99
48 48
49 49
11 11
40 40
10 10
90 90
44 44
51 51
43 43
97 97
59 59
66 66
84 84
91 91
86 86
74 74
27 27
93 93
83 83
21 21
5 5
19 19
45 45
65 65
17 17
73 73
12 12
60 60
80 80
79 79
85 85
56 56
20 20
2 2
31 31
87 87
55 55
28 28
8 8
76 76
38 38
9 9
98 98
29 29
16 16
52 52
39 39
47 47
4 4
26 26
15 15
37 37
33 33
14 14
53 53
88 88
22 22
75 75
92 92
