98 98
6 6
5 5
94 94
32 32
89 89
66 66
35 35
7 7
38 38
4 4
3 3
10 10
37 37
95 95
62 62
36 36
14 14
88 88
28 28
15 15
71 71
80 80
76 76
26 26
51 51
59 59
78 78
53 53
21 21
74 74
93 93
44 44
65 65
27 27
97 97
30 30
47 47
87 87
75 75
70 70
13 13
16 16
77 77
50 50
86 86
18 18
54 54
20 20
31 31
60 60
52 52
73 73
84 84
2 2
8 8
99 99
67 67
69 69
45 45
79 79
0 0
55 55
40 40
42 42
1 1
90 90
9 9
12 12
46 46
81 81
68 68
22 22
24 24
82 82
83 83
25 25
92 92
41 41
91 91
57 57
61 61
49 49
19 19
23 23
48 48
56 56
17 17
29 29
39 39
11 11
63 63
64 64
33 33
72 72
34 34
58 58
96 96
43 43
85 85
