51 51
42 42
37 37
87 87
99 99
21 21
47 47
18 18
36 36
39 39
2 2
26 26
8 8
50 50
81 81
16 16
97 97
46 46
71 71
52 52
48 48
29 29
3 3
30 30
22 22
9 9
28 28
35 35
67 67
75 75
7 7
95 95
12 12
17 17
10 10
65 65
61 61
57 57
86 86
96 96
54 54
24 24
74 74
92 92
80 80
89 89
72 72
0 0
56 56
63 63
79 79
23 23
45 45
78 78
25 25
44 44
55 55
91 91
76 76
64 64
27 27
20 20
94 94
15 15
33 33
70 70
68 68
49 49
43 43
4 4
82 82
84 84
77 77
11 11
6 6
19 19
73 73
60 60
90 90
32 32
62 62
98 98
93 93
53 53
66 66
31 31
1 1
69 69
13 13
58 58
14 14
88 88
41 41
5 5
83 83
59 59
38 38
34 34
40 40
85 85
