61 61
14 14
13 13
78 78
74 74
56 56
9 9
26 26
84 84
43 43
51 51
44 44
38 38
69 69
63 63
95 95
32 32
16 16
88 88
83 83
94 94
71 71
67 67
68 68
70 70
73 73
50 50
91 91
37 37
81 81
57 57
93 93
30 30
36 36
89 89
7 7
35 35
39 39
90 90
29 29
45 45
23 23
98 98
72 72
10 10
58 58
54 54
75 75
86 86
79 79
41 41
18 18
82 82
65 65
11 11
4 4
33 33
77 77
55 55
76 76
27 27
64 64
97 97
12 12
34 34
1 1
53 53
48 48
2 2
40 40
8 8
5 5
31 31
52 52
80 80
96 96
42 42
6 6
46 46
15 15
47 47
62 62
85 85
24 24
66 66
19 19
3 3
99 99
20 20
59 59
49 49
17 17
22 22
25 25
28 28
92 92
60 60
0 0
87 87
21 21
