99 99
56 56
78 78
81 81
54 54
89 89
32 32
87 87
3 3
85 85
43 43
21 21
90 90
4 4
95 95
53 53
72 72
92 92
41 41
58 58
88 88
68 68
66 66
91 91
22 22
17 17
15 15
35 35
82 82
46 46
69 69
37 37
7 7
28 28
79 79
34 34
20 20
38 38
16 16
65 65
1 1
29 29
57 57
59 59
62 62
80 80
70 70
50 50
14 14
93 93
63 63
94 94
9 9
77 77
52 52
5 5
2 2
24 24
45 45
48 48
84 84
11 11
6 6
40 40
86 86
36 36
47 47
33 33
18 18
67 67
12 12
39 39
30 30
51 51
71 71
49 49
61 61
31 31
73 73
55 55
75 75
13 13
76 76
64 64
98 98
96 96
0 0
27 27
25 25
97 97
23 23
74 74
83 83
26 26
44 44
8 8
19 19
10 10
42 42
60 60
