19 19
80 80
61 61
85 85
45 45
73 73
22 22
5 5
14 14
52 52
12 12
95 95
77 77
24 24
87 87
30 30
27 27
70 70
74 74
88 88
32 32
31 31
72 72
96 96
57 57
47 47
79 79
93 93
11 11
33 33
4 4
48 48
99 99
13 13
7 7
83 83
40 40
75 75
50 50
2 2
43 43
36 36
35 35
67 67
63 63
62 62
39 39
64 64
76 76
25 25
29 29
41 41
10 10
84 84
21 21
46 46
58 58
94 94
53 53
51 51
66 66
34 34
55 55
98 98
82 82
15 15
86 86
44 44
78 78
16 16
8 8
37 37
97 97
28 28
9 9
6 6
38 38
17 17
0 0
49 49
23 23
90 90
65 65
1 1
68 68
59 59
69 69
54 54
18 18
92 92
60 60
89 89
42 42
3 3
20 20
71 71
26 26
81 81
56 56
91 91
