79 79
92 92
84 84
28 28
57 57
35 35
15 15
53 53
59 59
61 61
66 66
45 45
7 7
58 58
21 21
17 17
4 4
5 5
32 32
48 48
1 1
41 41
65 65
12 12
75 75
37 37
2 2
11 11
52 52
62 62
74 74
54 54
19 19
55 55
72 72
36 36
8 8
49 49
89 89
34 34
18 18
71 71
43 43
25 25
24 24
64 64
68 68
39 39
94 94
81 81
83 83
13 13
29 29
76 76
67 67
27 27
73 73
97 97
6 6
46 46
88 88
20 20
10 10
9 9
3 3
87 87
51 51
77 77
0 0
80 80
96 96
42 42
26 26
44 44
82 82
99 99
22 22
33 33
98 98
47 47
30 30
60 60
70 70
93 93
85 85
90 90
91 91
63 63
78 78
95 95
56 56
69 69
14 14
40 40
16 16
86 86
23 23
38 38
31 31
50 50
