56 56
70 70
0 0
38 38
40 40
98 98
36 36
11 11
92 92
4 4
89 89
91 91
93 93
2 2
53 53
28 28
55 55
63 63
48 48
15 15
3 3
31 31
54 54
88 88
96 96
35 35
14 14
25 25
51 51
8 8
37 37
99 99
72 72
50 50
12 12
95 95
69 69
78 78
57 57
6 6
49 49
5 5
29 29
10 10
17 17
58 58
47 47
71 71
59 59
32 32
19 19
61 61
9 9
27 27
33 33
86 86
42 42
7 7
82 82
80 80
45 45
90 90
83 83
13 13
41 41
1 1
76 76
60 60
87 87
65 65
62 62
75 75
66 66
26 26
24 24
67 67
16 16
30 30
20 20
77 77
64 64
44 44
18 18
97 97
52 52
34 34
79 79
74 74
68 68
85 85
81 81
23 23
73 73
21 21
43 43
39 39
46 46
94 94
22 22
84 84
