58 58
71 71
44 44
7 7
10 10
4 4
74 74
77 77
70 70
25 25
65 65
41 41
27 27
88 88
51 51
49 49
9 9
26 26
0 0
47 47
24 24
54 54
48 48
42 42
73 73
14 14
99 99
97 97
86 86
16 16
17 17
59 59
46 46
60 60
61 61
53 53
1 1
34 34
85 85
35 35
22 22
67 67
62 62
89 89
21 21
11 11
94 94
98 98
75 75
29 29
95 95
40 40
5 5
33 33
69 69
83 83
79 79
23 23
12 12
72 72
82 82
50 50
55 55
8 8
90 90
38 38
28 28
13 13
64 64
32 32
80 80
56 56
6 6
39 39
19 19
45 45
87 87
2 2
20 20
66 66
84 84
37 37
3 3
91 91
31 31
43 43
96 96
78 78
30 30
18 18
57 57
63 63
15 15
68 68
92 92
36 36
52 52
76 76
81 81
93 93
