58 58
39 39
37 37
61 61
93 93
3 3
67 67
52 52
71 71
44 44
87 87
48 48
69 69
25 25
20 20
1 1
17 17
89 89
28 28
27 27
65 65
10 10
95 95
75 75
86 86
70 70
0 0
91 91
6 6
84 84
14 14
82 82
64 64
38 38
55 55
5 5
94 94
54 54
47 47
68 68
26 26
98 98
8 8
56 56
78 78
74 74
50 50
41 41
79 79
16 16
51 51
60 60
19 19
24 24
90 90
42 42
2 2
23 23
62 62
76 76
83 83
34 34
53 53
85 85
7 7
15 15
49 49
46 46
11 11
21 21
45 45
57 57
59 59
80 80
96 96
22 22
30 30
33 33
18 18
92 92
36 36
40 40
63 63
66 66
13 13
88 88
72 72
35 35
73 73
77 77
99 99
43 43
4 4
32 32
9 9
97 97
81 81
29 29
12 12
31 31
