65 65
26 26
60 60
97 97
94 94
3 3
33 33
76 76
68 68
1 1
17 17
9 9
77 77
63 63
31 31
84 84
2 2
98 98
54 54
71 71
80 80
62 62
32 32
44 44
64 64
41 41
15 15
79 79
12 12
40 40
7 7
52 52
81 81
55 55
83 83
74 74
18 18
56 56
13 13
23 23
20 20
36 36
8 8
6 6
43 43
46 46
53 53
51 51
0 0
96 96
10 10
95 95
34 34
57 57
92 92
82 82
87 87
14 14
45 45
75 75
73 73
91 91
85 85
89 89
11 11
67 67
58 58
49 49
50 50
78 78
90 90
28 28
22 22
72 72
29 29
39 39
88 88
5 5
4 4
25 25
48 48
93 93
30 30
86 86
35 35
59 59
37 37
69 69
70 70
42 42
19 19
16 16
66 66
99 99
38 38
24 24
61 61
27 27
47 47
21 21
