9 9
39 39
52 52
35 35
60 60
76 76
72 72
41 41
23 23
27 27
22 22
99 99
14 14
80 80
19 19
16 16
7 7
58 58
79 79
94 94
3 3
73 73
66 66
1 1
78 78
92 92
2 2
11 11
81 81
24 24
84 84
62 62
42 42
75 75
25 25
45 45
56 56
68 68
18 18
5 5
30 30
8 8
10 10
13 13
93 93
88 88
77 77
65 65
98 98
61 61
86 86
71 71
15 15
87 87
97 97
37 37
54 54
67 67
69 69
47 47
95 95
91 91
50 50
43 43
38 38
34 34
74 74
96 96
26 26
46 46
89 89
21 21
64 64
55 55
70 70
20 20
63 63
0 0
85 85
17 17
28 28
6 6
44 44
90 90
12 12
48 48
4 4
40 40
82 82
31 31
59 59
51 51
32 32
57 57
33 33
29 29
83 83
53 53
49 49
36 36
