44 44
60 60
9 9
79 79
48 48
69 69
72 72
67 67
37 37
54 54
14 14
39 39
26 26
28 28
85 85
96 96
32 32
63 63
62 62
17 17
92 92
86 86
64 64
4 4
2 2
94 94
53 53
24 24
43 43
90 90
11 11
97 97
58 58
84 84
20 20
0 0
83 83
59 59
41 41
22 22
82 82
13 13
27 27
46 46
74 74
89 89
98 98
61 61
93 93
31 31
68 68
12 12
51 51
38 38
52 52
56 56
18 18
78 78
50 50
36 36
77 77
70 70
45 45
15 15
5 5
1 1
10 10
34 34
23 23
75 75
16 16
19 19
87 87
30 30
95 95
47 47
35 35
80 80
91 91
40 40
66 66
57 57
6 6
81 81
7 7
8 8
71 71
65 65
3 3
42 42
76 76
21 21
99 99
29 29
49 49
25 25
73 73
55 55
33 33
88 88
