46 46
53 53
47 47
97 97
31 31
26 26
77 77
76 76
94 94
92 92
19 19
55 55
7 7
35 35
4 4
91 91
45 45
61 61
42 42
90 90
67 67
64 64
32 32
21 21
66 66
18 18
75 75
65 65
63 63
72 72
57 57
22 22
36 36
95 95
33 33
20 20
6 6
41 41
51 51
17 17
11 11
23 23
89 89
2 2
86 86
5 5
62 62
50 50
93 93
52 52
29 29
58 58
85 85
3 3
24 24
15 15
0 0
37 37
30 30
40 40
25 25
74 74
1 1
49 49
81 81
71 71
13 13
83 83
78 78
60 60
82 82
73 73
34 34
16 16
88 88
12 12
99 99
56 56
59 59
87 87
9 9
8 8
69 69
96 96
70 70
98 98
39 39
68 68
14 14
10 10
38 38
54 54
44 44
28 28
79 79
27 27
80 80
43 43
84 84
48 48
