86 86
61 61
59 59
48 48
95 95
69 69
70 70
3 3
66 66
52 52
97 97
12 12
13 13
33 33
18 18
63 63
92 92
73 73
43 43
62 62
4 4
38 38
24 24
42 42
36 36
27 27
93 93
45 45
2 2
16 16
15 15
28 28
40 40
47 47
9 9
82 82
58 58
8 8
83 83
77 77
29 29
55 55
57 57
94 94
17 17
19 19
51 51
64 64
71 71
5 5
32 32
67 67
76 76
21 21
11 11
0 0
46 46
41 41
49 49
53 53
87 87
23 23
75 75
6 6
84 84
31 31
60 60
98 98
80 80
96 96
14 14
91 91
26 26
56 56
37 37
22 22
1 1
85 85
30 30
10 10
81 81
54 54
44 44
74 74
90 90
72 72
25 25
99 99
50 50
88 88
78 78
79 79
7 7
20 20
35 35
68 68
65 65
39 39
34 34
89 89
