51 51
26 26
48 48
89 89
6 6
55 55
65 65
95 95
33 33
20 20
94 94
1 1
28 28
23 23
27 27
81 81
96 96
50 50
36 36
78 78
61 61
93 93
67 67
62 62
0 0
41 41
19 19
82 82
99 99
8 8
15 15
60 60
76 76
86 86
71 71
57 57
75 75
54 54
69 69
97 97
43 43
49 49
3 3
11 11
90 90
58 58
70 70
92 92
7 7
5 5
72 72
18 18
13 13
40 40
21 21
87 87
4 4
24 24
9 9
85 85
30 30
46 46
14 14
35 35
10 10
88 88
44 44
68 68
38 38
53 53
66 66
42 42
37 37
77 77
25 25
34 34
31 31
98 98
83 83
12 12
64 64
84 84
47 47
39 39
79 79
63 63
45 45
73 73
17 17
52 52
2 2
32 32
16 16
74 74
59 59
56 56
22 22
29 29
91 91
80 80
