89 89
97 97
18 18
26 26
19 19
63 63
56 56
87 87
88 88
86 86
50 50
83 83
51 51
66 66
58 58
72 72
10 10
4 4
62 62
64 64
38 38
16 16
28 28
52 52
68 68
24 24
92 92
12 12
95 95
61 61
43 43
14 14
36 36
39 39
55 55
67 67
1 1
47 47
15 15
69 69
70 70
8 8
80 80
75 75
25 25
96 96
22 22
48 48
40 40
82 82
90 90
37 37
29 29
9 9
49 49
73 73
34 34
7 7
23 23
77 77
46 46
74 74
78 78
54 54
30 30
44 44
6 6
17 17
42 42
99 99
85 85
5 5
98 98
11 11
60 60
33 33
81 81
94 94
3 3
57 57
71 71
27 27
93 93
91 91
65 65
53 53
41 41
31 31
35 35
20 20
32 32
79 79
0 0
59 59
45 45
76 76
13 13
84 84
21 21
2 2
