54 54
6 6
17 17
77 77
14 14
7 7
25 25
59 59
9 9
78 78
11 11
5 5
33 33
76 76
74 74
70 70
68 68
4 4
23 23
13 13
97 97
32 32
40 40
95 95
0 0
52 52
57 57
56 56
88 88
35 35
19 19
71 71
81 81
63 63
82 82
83 83
73 73
43 43
45 45
49 49
37 37
34 34
58 58
16 16
53 53
66 66
64 64
39 39
29 29
94 94
75 75
10 10
79 79
22 22
50 50
41 41
48 48
67 67
60 60
85 85
18 18
27 27
69 69
90 90
61 61
3 3
86 86
72 72
62 62
87 87
65 65
1 1
93 93
99 99
30 30
91 91
31 31
26 26
51 51
28 28
89 89
38 38
46 46
96 96
47 47
92 92
55 55
42 42
98 98
8 8
84 84
12 12
20 20
24 24
80 80
2 2
15 15
36 36
21 21
44 44
