83 83
13 13
50 50
73 73
75 75
7 7
16 16
72 72
82 82
6 6
8 8
31 31
88 88
62 62
97 97
42 42
34 34
45 45
32 32
9 9
39 39
47 47
21 21
49 49
80 80
33 33
78 78
99 99
84 84
85 85
71 71
3 3
67 67
93 93
54 54
43 43
58 58
52 52
19 19
70 70
98 98
10 10
48 48
28 28
2 2
5 5
15 15
51 51
76 76
22 22
53 53
77 77
24 24
55 55
36 36
61 61
81 81
26 26
63 63
38 38
35 35
17 17
14 14
41 41
57 57
92 92
4 4
56 56
90 90
25 25
27 27
1 1
0 0
60 60
94 94
40 40
86 86
89 89
12 12
69 69
79 79
37 37
91 91
68 68
74 74
46 46
96 96
95 95
23 23
29 29
65 65
18 18
30 30
87 87
20 20
66 66
44 44
11 11
64 64
59 59
