13 13
34 34
71 71
86 86
64 64
72 72
42 42
66 66
6 6
43 43
40 40
16 16
80 80
55 55
30 30
45 45
50 50
99 99
15 15
20 20
77 77
2 2
27 27
49 49
21 21
39 39
88 88
67 67
12 12
73 73
58 58
23 23
59 59
84 84
22 22
11 11
82 82
0 0
3 3
48 48
38 38
24 24
51 51
17 17
37 37
53 53
26 26
56 56
18 18
74 74
96 96
36 36
41 41
78 78
8 8
9 9
61 61
54 54
29 29
91 91
89 89
52 52
93 93
62 62
1 1
7 7
5 5
92 92
97 97
90 90
98 98
28 28
83 83
44 44
47 47
19 19
87 87
4 4
46 46
85 85
69 69
63 63
79 79
25 25
75 75
94 94
60 60
70 70
14 14
32 32
65 65
81 81
10 10
31 31
35 35
76 76
95 95
57 57
33 33
68 68
