4 4
54 54
89 89
38 38
46 46
91 91
23 23
48 48
59 59
76 76
13 13
62 62
49 49
25 25
78 78
3 3
79 79
35 35
85 85
81 81
33 33
5 5
50 50
53 53
27 27
57 57
19 19
21 21
6 6
94 94
9 9
42 42
36 36
56 56
80 80
55 55
18 18
65 65
31 31
58 58
8 8
10 10
34 34
51 51
60 60
99 99
84 84
11 11
87 87
82 82
66 66
64 64
70 70
39 39
12 12
20 20
88 88
32 32
69 69
43 43
63 63
40 40
26 26
74 74
86 86
24 24
0 0
37 37
41 41
95 95
83 83
98 98
16 16
44 44
75 75
15 15
93 93
17 17
28 28
92 92
77 77
97 97
47 47
67 67
61 61
7 7
29 29
1 1
2 2
30 30
14 14
68 68
45 45
71 71
72 72
22 22
73 73
96 96
90 90
52 52
