4 4
93 93
84 84
72 72
31 31
38 38
82 82
79 79
50 50
65 65
66 66
19 19
94 94
59 59
90 90
8 8
23 23
9 9
6 6
62 62
77 77
78 78
81 81
73 73
61 61
88 88
35 35
95 95
68 68
48 48
76 76
45 45
2 2
34 34
24 24
87 87
3 3
63 63
85 85
43 43
21 21
74 74
13 13
56 56
70 70
16 16
49 49
41 41
64 64
52 52
97 97
96 96
22 22
98 98
15 15
75 75
51 51
11 11
55 55
47 47
83 83
18 18
12 12
0 0
33 33
42 42
54 54
30 30
5 5
14 14
92 92
99 99
29 29
89 89
86 86
37 37
10 10
91 91
80 80
32 32
53 53
25 25
60 60
46 46
26 26
1 1
71 71
58 58
17 17
67 67
27 27
28 28
69 69
57 57
40 40
36 36
20 20
44 44
7 7
39 39
