30 30
16 16
44 44
48 48
36 36
83 83
0 0
70 70
21 21
12 12
72 72
88 88
61 61
32 32
10 10
77 77
91 91
92 92
14 14
22 22
81 81
64 64
42 42
6 6
25 25
39 39
87 87
46 46
86 86
99 99
96 96
5 5
33 33
47 47
67 67
80 80
51 51
40 40
7 7
3 3
38 38
53 53
94 94
76 76
59 59
23 23
37 37
1 1
18 18
24 24
97 97
13 13
62 62
29 29
9 9
89 89
4 4
2 2
49 49
84 84
79 79
8 8
26 26
11 11
43 43
50 50
52 52
27 27
17 17
93 93
75 75
74 74
71 71
56 56
68 68
73 73
82 82
20 20
35 35
65 65
15 15
55 55
98 98
66 66
63 63
58 58
54 54
85 85
34 34
28 28
41 41
90 90
45 45
19 19
57 57
78 78
60 60
95 95
69 69
31 31
