26 26
44 44
36 36
57 57
30 30
7 7
63 63
64 64
19 19
27 27
20 20
22 22
75 75
90 90
6 6
51 51
38 38
9 9
23 23
80 80
86 86
4 4
56 56
17 17
70 70
98 98
91 91
3 3
47 47
45 45
29 29
68 68
14 14
66 66
48 48
65 65
89 89
54 54
58 58
46 46
77 77
92 92
88 88
69 69
42 42
16 16
35 35
25 25
96 96
52 52
12 12
72 72
82 82
99 99
31 31
59 59
83 83
15 15
37 37
60 60
78 78
0 0
73 73
39 39
40 40
62 62
10 10
79 79
76 76
5 5
94 94
53 53
95 95
49 49
85 85
41 41
87 87
1 1
43 43
8 8
34 34
18 18
74 74
93 93
55 55
61 61
28 28
67 67
81 81
21 21
11 11
33 33
32 32
84 84
2 2
50 50
13 13
71 71
97 97
24 24
