55 55
46 46
10 10
45 45
1 1
18 18
35 35
28 28
33 33
2 2
5 5
99 99
91 91
32 32
54 54
37 37
30 30
98 98
70 70
6 6
77 77
86 86
14 14
38 38
16 16
4 4
13 13
50 50
61 61
44 44
25 25
40 40
97 97
67 67
11 11
71 71
93 93
39 39
56 56
47 47
96 96
81 81
89 89
68 68
72 72
9 9
21 21
42 42
66 66
78 78
65 65
58 58
74 74
69 69
34 34
43 43
80 80
31 31
90 90
94 94
48 48
84 84
87 87
36 36
57 57
59 59
17 17
60 60
82 82
29 29
63 63
76 76
23 23
0 0
75 75
85 85
79 79
92 92
88 88
52 52
49 49
19 19
62 62
95 95
27 27
7 7
15 15
12 12
8 8
20 20
83 83
26 26
51 51
24 24
3 3
64 64
73 73
22 22
41 41
53 53
