2 2
80 80
13 13
66 66
17 17
23 23
1 1
55 55
82 82
99 99
76 76
51 51
5 5
96 96
79 79
93 93
83 83
8 8
53 53
72 72
31 31
25 25
7 7
75 75
33 33
88 88
50 50
15 15
18 18
4 4
12 12
58 58
62 62
86 86
27 27
38 38
28 28
11 11
48 48
10 10
35 35
85 85
89 89
60 60
41 41
77 77
95 95
65 65
24 24
3 3
37 37
46 46
9 9
59 59
91 91
78 78
14 14
56 56
67 67
68 68
45 45
92 92
21 21
6 6
42 42
0 0
81 81
63 63
74 74
32 32
43 43
94 94
70 70
20 20
73 73
52 52
64 64
71 71
57 57
39 39
98 98
44 44
34 34
84 84
47 47
30 30
19 19
61 61
16 16
36 36
54 54
97 97
49 49
69 69
26 26
22 22
40 40
87 87
90 90
29 29
