44 44
82 82
11 11
64 64
15 15
33 33
32 32
90 90
20 20
24 24
30 30
29 29
8 8
26 26
53 53
9 9
96 96
19 19
73 73
76 76
66 66
59 59
40 40
10 10
5 5
50 50
6 6
34 34
92 92
71 71
56 56
72 72
43 43
49 49
31 31
23 23
12 12
7 7
25 25
69 69
86 86
65 65
68 68
88 88
13 13
81 81
48 48
41 41
27 27
85 85
39 39
74 74
17 17
89 89
75 75
45 45
83 83
36 36
62 62
97 97
80 80
57 57
3 3
47 47
28 28
22 22
0 0
93 93
52 52
95 95
55 55
35 35
21 21
37 37
91 91
1 1
67 67
51 51
54 54
87 87
94 94
4 4
60 60
38 38
46 46
77 77
79 79
2 2
70 70
58 58
78 78
18 18
61 61
63 63
99 99
16 16
84 84
14 14
42 42
98 98
