42 42
98 98
3 3
44 44
10 10
48 48
74 74
62 62
90 90
86 86
13 13
89 89
43 43
45 45
47 47
46 46
23 23
16 16
55 55
41 41
88 88
19 19
20 20
91 91
69 69
66 66
0 0
72 72
27 27
31 31
94 94
35 35
33 33
24 24
21 21
68 68
53 53
49 49
6 6
1 1
54 54
7 7
56 56
99 99
58 58
30 30
80 80
75 75
93 93
25 25
71 71
14 14
78 78
18 18
57 57
60 60
29 29
65 65
77 77
85 85
11 11
82 82
17 17
79 79
5 5
22 22
83 83
2 2
15 15
61 61
40 40
76 76
8 8
96 96
95 95
34 34
52 52
64 64
81 81
70 70
9 9
26 26
38 38
50 50
51 51
28 28
97 97
84 84
39 39
37 37
36 36
12 12
87 87
32 32
59 59
73 73
92 92
63 63
67 67
4 4
