92 92
26 26
57 57
47 47
13 13
28 28
10 10
82 82
58 58
24 24
33 33
29 29
41 41
67 67
34 34
11 11
63 63
14 14
77 77
1 1
31 31
56 56
16 16
55 55
32 32
6 6
84 84
17 17
27 27
72 72
5 5
68 68
21 21
46 46
36 36
23 23
86 86
54 54
73 73
96 96
74 74
48 48
87 87
25 25
50 50
9 9
99 99
49 49
15 15
61 61
42 42
52 52
22 22
37 37
78 78
19 19
4 4
81 81
12 12
44 44
85 85
71 71
30 30
69 69
7 7
90 90
65 65
20 20
98 98
75 75
79 79
0 0
35 35
64 64
39 39
97 97
45 45
38 38
88 88
2 2
43 43
62 62
91 91
51 51
40 40
53 53
3 3
66 66
94 94
60 60
70 70
80 80
95 95
18 18
59 59
8 8
93 93
76 76
89 89
83 83
