29 29
74 74
17 17
33 33
20 20
60 60
66 66
44 44
12 12
26 26
75 75
82 82
96 96
34 34
69 69
3 3
63 63
80 80
14 14
10 10
45 45
30 30
5 5
86 86
65 65
90 90
48 48
40 40
43 43
95 95
59 59
51 51
7 7
21 21
84 84
52 52
25 25
91 91
9 9
88 88
99 99
8 8
31 31
47 47
54 54
98 98
41 41
16 16
73 73
97 97
2 2
56 56
22 22
39 39
79 79
71 71
93 93
72 72
61 61
57 57
24 24
87 87
94 94
13 13
11 11
36 36
35 35
85 85
70 70
15 15
49 49
76 76
4 4
27 27
28 28
58 58
89 89
19 19
50 50
6 6
55 55
32 32
78 78
0 0
64 64
23 23
38 38
83 83
77 77
53 53
18 18
67 67
37 37
1 1
81 81
46 46
92 92
42 42
68 68
62 62
