61 61
98 98
62 62
54 54
78 78
8 8
65 65
6 6
0 0
92 92
94 94
2 2
64 64
90 90
56 56
9 9
79 79
42 42
72 72
97 97
14 14
84 84
49 49
50 50
70 70
81 81
24 24
63 63
12 12
20 20
38 38
4 4
91 91
60 60
99 99
22 22
41 41
19 19
95 95
93 93
76 76
87 87
59 59
25 25
1 1
80 80
83 83
68 68
52 52
48 48
55 55
31 31
17 17
21 21
58 58
46 46
67 67
33 33
45 45
26 26
36 36
73 73
39 39
35 35
75 75
44 44
32 32
86 86
82 82
16 16
5 5
34 34
74 74
89 89
69 69
43 43
28 28
51 51
57 57
71 71
30 30
88 88
18 18
96 96
10 10
47 47
85 85
37 37
29 29
53 53
77 77
23 23
3 3
66 66
15 15
13 13
7 7
11 11
40 40
27 27
