81 81
63 63
51 51
18 18
95 95
79 79
26 26
10 10
54 54
12 12
61 61
56 56
42 42
21 21
70 70
68 68
46 46
31 31
47 47
73 73
82 82
85 85
4 4
36 36
17 17
59 59
13 13
86 86
67 67
97 97
22 22
5 5
1 1
32 32
48 48
37 37
62 62
55 55
44 44
50 50
49 49
89 89
38 38
6 6
93 93
88 88
14 14
19 19
33 33
45 45
24 24
58 58
20 20
90 90
96 96
40 40
9 9
29 29
30 30
15 15
3 3
28 28
98 98
0 0
53 53
71 71
87 87
27 27
64 64
7 7
84 84
94 94
76 76
91 91
60 60
25 25
57 57
43 43
83 83
23 23
66 66
39 39
69 69
99 99
41 41
78 78
34 34
92 92
77 77
8 8
2 2
35 35
52 52
65 65
80 80
11 11
74 74
16 16
72 72
75 75
