90 90
89 89
42 42
15 15
0 0
99 99
24 24
36 36
49 49
3 3
2 2
32 32
6 6
79 79
92 92
70 70
10 10
18 18
50 50
55 55
11 11
7 7
83 83
45 45
52 52
62 62
41 41
39 39
94 94
73 73
82 82
30 30
8 8
96 96
98 98
21 21
48 48
63 63
54 54
5 5
37 37
28 28
78 78
71 71
72 72
56 56
60 60
14 14
81 81
91 91
12 12
61 61
51 51
13 13
64 64
53 53
66 66
88 88
67 67
22 22
34 34
23 23
44 44
97 97
85 85
29 29
93 93
84 84
43 43
35 35
68 68
74 74
75 75
47 47
86 86
65 65
40 40
9 9
19 19
69 69
87 87
57 57
16 16
76 76
4 4
17 17
58 58
1 1
46 46
33 33
38 38
59 59
77 77
26 26
95 95
20 20
31 31
27 27
25 25
80 80
