61 61
92 92
7 7
20 20
30 30
73 73
19 19
13 13
86 86
88 88
50 50
49 49
8 8
25 25
89 89
83 83
45 45
79 79
58 58
31 31
42 42
97 97
70 70
84 84
78 78
57 57
48 48
23 23
11 11
43 43
32 32
60 60
69 69
65 65
91 91
51 51
44 44
10 10
95 95
87 87
9 9
75 75
99 99
34 34
17 17
93 93
77 77
46 46
38 38
47 47
35 35
22 22
39 39
56 56
15 15
68 68
4 4
28 28
2 2
94 94
55 55
82 82
59 59
5 5
6 6
53 53
16 16
72 72
37 37
21 21
80 80
33 33
81 81
85 85
63 63
76 76
52 52
0 0
3 3
14 14
18 18
36 36
12 12
90 90
1 1
67 67
71 71
26 26
64 64
27 27
98 98
24 24
40 40
74 74
41 41
54 54
66 66
29 29
96 96
62 62
