20 20
39 39
34 34
92 92
14 14
32 32
44 44
43 43
83 83
0 0
63 63
75 75
99 99
61 61
69 69
18 18
86 86
10 10
23 23
95 95
48 48
4 4
91 91
9 9
97 97
7 7
1 1
77 77
71 71
28 28
31 31
37 37
16 16
15 15
38 38
94 94
68 68
36 36
87 87
60 60
65 65
66 66
54 54
88 88
53 53
64 64
24 24
73 73
84 84
17 17
47 47
29 29
26 26
52 52
33 33
21 21
74 74
25 25
6 6
82 82
70 70
2 2
3 3
57 57
58 58
81 81
80 80
19 19
40 40
35 35
50 50
98 98
90 90
51 51
42 42
30 30
93 93
59 59
49 49
62 62
5 5
55 55
13 13
22 22
78 78
27 27
96 96
76 76
79 79
8 8
45 45
85 85
12 12
11 11
72 72
46 46
56 56
41 41
67 67
89 89
