15 15
33 33
94 94
48 48
47 47
61 61
35 35
97 97
62 62
44 44
51 51
90 90
80 80
73 73
34 34
2 2
22 22
86 86
43 43
84 84
54 54
20 20
46 46
40 40
27 27
23 23
76 76
82 82
96 96
79 79
11 11
41 41
36 36
89 89
21 21
28 28
12 12
53 53
75 75
66 66
17 17
55 55
9 9
31 31
64 64
74 74
19 19
87 87
32 32
63 63
42 42
3 3
81 81
50 50
52 52
30 30
70 70
4 4
16 16
56 56
67 67
6 6
91 91
88 88
24 24
7 7
58 58
0 0
98 98
71 71
39 39
10 10
69 69
92 92
13 13
68 68
83 83
45 45
26 26
8 8
59 59
25 25
49 49
5 5
38 38
72 72
95 95
85 85
60 60
18 18
29 29
57 57
37 37
1 1
78 78
77 77
65 65
99 99
14 14
93 93
