60 60
21 21
9 9
75 75
11 11
4 4
17 17
64 64
79 79
69 69
43 43
19 19
73 73
80 80
89 89
10 10
7 7
1 1
20 20
81 81
61 61
8 8
38 38
90 90
95 95
66 66
41 41
0 0
37 37
31 31
32 32
27 27
77 77
6 6
97 97
98 98
2 2
18 18
44 44
3 3
67 67
76 76
16 16
93 93
84 84
52 52
70 70
92 92
87 87
68 68
34 34
86 86
71 71
42 42
83 83
48 48
94 94
39 39
91 91
74 74
22 22
53 53
54 54
47 47
63 63
88 88
96 96
36 36
30 30
26 26
25 25
29 29
51 51
28 28
62 62
58 58
45 45
57 57
46 46
5 5
82 82
50 50
15 15
85 85
99 99
49 49
14 14
13 13
35 35
56 56
40 40
24 24
78 78
65 65
55 55
23 23
33 33
59 59
12 12
72 72
