92 92
93 93
13 13
23 23
70 70
79 79
40 40
77 77
67 67
83 83
50 50
87 87
96 96
20 20
18 18
41 41
9 9
75 75
98 98
0 0
88 88
37 37
10 10
2 2
19 19
64 64
6 6
56 56
81 81
27 27
55 55
14 14
65 65
22 22
69 69
26 26
33 33
58 58
91 91
30 30
66 66
86 86
73 73
71 71
63 63
21 21
35 35
48 48
46 46
53 53
82 82
3 3
61 61
25 25
84 84
80 80
34 34
38 38
17 17
85 85
36 36
47 47
29 29
45 45
12 12
11 11
49 49
99 99
52 52
89 89
78 78
15 15
74 74
94 94
16 16
31 31
57 57
95 95
32 32
72 72
4 4
60 60
1 1
8 8
42 42
7 7
62 62
76 76
59 59
28 28
44 44
90 90
43 43
54 54
51 51
5 5
24 24
39 39
68 68
97 97
