30 30
24 24
96 96
92 92
19 19
59 59
42 42
61 61
48 48
86 86
15 15
27 27
41 41
4 4
56 56
68 68
33 33
76 76
67 67
40 40
17 17
62 62
36 36
32 32
11 11
26 26
29 29
5 5
80 80
95 95
54 54
65 65
1 1
49 49
31 31
7 7
43 43
78 78
58 58
13 13
83 83
50 50
44 44
2 2
35 35
55 55
63 63
20 20
99 99
66 66
22 22
9 9
34 34
14 14
64 64
38 38
72 72
75 75
52 52
74 74
85 85
90 90
47 47
25 25
37 37
8 8
23 23
89 89
82 82
70 70
94 94
12 12
87 87
45 45
98 98
84 84
79 79
6 6
97 97
3 3
91 91
57 57
93 93
0 0
28 28
88 88
73 73
16 16
71 71
60 60
18 18
53 53
69 69
21 21
81 81
39 39
10 10
51 51
46 46
77 77
