17 17
69 69
1 1
75 75
6 6
92 92
51 51
73 73
63 63
82 82
89 89
14 14
59 59
85 85
94 94
46 46
90 90
34 34
21 21
62 62
25 25
61 61
36 36
65 65
44 44
76 76
50 50
64 64
87 87
37 37
58 58
33 33
57 57
91 91
5 5
70 70
15 15
56 56
86 86
18 18
29 29
27 27
45 45
35 35
11 11
48 48
81 81
39 39
80 80
43 43
83 83
9 9
55 55
24 24
72 72
4 4
23 23
67 67
52 52
16 16
53 53
31 31
54 54
32 32
88 88
98 98
49 49
84 84
66 66
71 71
30 30
20 20
12 12
77 77
2 2
42 42
10 10
26 26
47 47
41 41
28 28
0 0
7 7
38 38
95 95
3 3
97 97
19 19
99 99
13 13
68 68
79 79
93 93
40 40
8 8
96 96
22 22
78 78
74 74
60 60
