39 39
63 63
31 31
26 26
9 9
86 86
36 36
18 18
27 27
92 92
90 90
20 20
71 71
17 17
87 87
48 48
1 1
80 80
29 29
12 12
7 7
93 93
10 10
45 45
66 66
23 23
42 42
73 73
0 0
13 13
60 60
5 5
21 21
77 77
55 55
76 76
57 57
65 65
52 52
24 24
91 91
47 47
41 41
96 96
19 19
83 83
8 8
33 33
79 79
61 61
37 37
95 95
85 85
34 34
74 74
50 50
89 89
14 14
75 75
99 99
70 70
2 2
16 16
28 28
11 11
44 44
46 46
35 35
54 54
84 84
94 94
22 22
6 6
32 32
82 82
72 72
30 30
69 69
67 67
97 97
59 59
49 49
64 64
40 40
51 51
68 68
4 4
25 25
62 62
81 81
78 78
98 98
38 38
56 56
88 88
53 53
58 58
3 3
15 15
43 43
