36 36
24 24
33 33
31 31
40 40
80 80
32 32
53 53
46 46
57 57
17 17
88 88
56 56
48 48
55 55
96 96
90 90
9 9
68 68
22 22
10 10
72 72
4 4
25 25
14 14
35 35
51 51
54 54
94 94
47 47
2 2
87 87
83 83
77 77
0 0
12 12
91 91
79 79
98 98
93 93
43 43
23 23
66 66
28 28
69 69
6 6
29 29
85 85
50 50
62 62
39 39
89 89
75 75
92 92
97 97
70 70
74 74
34 34
73 73
8 8
30 30
21 21
76 76
49 49
84 84
81 81
63 63
27 27
71 71
86 86
64 64
19 19
58 58
52 52
95 95
99 99
59 59
11 11
60 60
67 67
7 7
13 13
37 37
78 78
15 15
1 1
45 45
65 65
16 16
5 5
41 41
82 82
42 42
44 44
20 20
18 18
61 61
26 26
3 3
38 38
