9 9
78 78
48 48
71 71
57 57
36 36
51 51
55 55
81 81
43 43
85 85
33 33
15 15
29 29
84 84
35 35
73 73
32 32
45 45
92 92
30 30
50 50
27 27
49 49
75 75
94 94
62 62
25 25
20 20
34 34
82 82
28 28
68 68
99 99
19 19
53 53
10 10
58 58
88 88
91 91
18 18
38 38
64 64
23 23
4 4
97 97
7 7
39 39
1 1
6 6
65 65
80 80
47 47
61 61
3 3
76 76
44 44
52 52
56 56
89 89
77 77
69 69
37 37
42 42
86 86
0 0
13 13
21 21
79 79
40 40
14 14
95 95
74 74
59 59
41 41
66 66
5 5
70 70
96 96
83 83
12 12
24 24
72 72
46 46
63 63
16 16
98 98
90 90
26 26
22 22
60 60
54 54
11 11
67 67
87 87
17 17
31 31
2 2
8 8
93 93
