28 28
54 54
85 85
87 87
74 74
19 19
15 15
50 50
17 17
82 82
66 66
25 25
95 95
2 2
16 16
23 23
9 9
37 37
11 11
71 71
90 90
47 47
55 55
58 58
14 14
7 7
67 67
97 97
83 83
46 46
98 98
72 72
99 99
26 26
79 79
24 24
38 38
27 27
84 84
64 64
65 65
31 31
12 12
45 45
59 59
1 1
40 40
30 30
73 73
89 89
94 94
39 39
4 4
78 78
61 61
96 96
33 33
75 75
36 36
42 42
20 20
70 70
56 56
51 51
93 93
77 77
29 29
63 63
22 22
88 88
57 57
32 32
5 5
21 21
69 69
53 53
41 41
48 48
44 44
43 43
3 3
91 91
0 0
10 10
18 18
92 92
60 60
35 35
68 68
52 52
8 8
80 80
86 86
6 6
49 49
76 76
81 81
34 34
13 13
62 62
