55 55
48 48
24 24
33 33
50 50
66 66
84 84
89 89
11 11
71 71
85 85
87 87
94 94
6 6
93 93
65 65
45 45
20 20
4 4
21 21
22 22
56 56
10 10
46 46
60 60
95 95
42 42
44 44
80 80
7 7
92 92
23 23
49 49
79 79
51 51
32 32
8 8
35 35
58 58
34 34
30 30
43 43
53 53
19 19
13 13
5 5
98 98
70 70
54 54
38 38
78 78
63 63
76 76
99 99
61 61
77 77
12 12
52 52
15 15
73 73
83 83
75 75
0 0
72 72
37 37
82 82
29 29
3 3
59 59
90 90
62 62
86 86
47 47
9 9
41 41
16 16
18 18
25 25
96 96
64 64
68 68
74 74
31 31
17 17
39 39
40 40
97 97
88 88
2 2
14 14
27 27
28 28
1 1
67 67
26 26
36 36
81 81
57 57
91 91
69 69
