94 94
34 34
43 43
25 25
92 92
71 71
21 21
31 31
13 13
48 48
29 29
45 45
70 70
56 56
40 40
76 76
4 4
79 79
84 84
38 38
95 95
97 97
69 69
53 53
20 20
58 58
7 7
49 49
19 19
14 14
24 24
35 35
52 52
82 82
46 46
39 39
41 41
61 61
59 59
63 63
54 54
77 77
83 83
75 75
28 28
62 62
9 9
44 44
51 51
65 65
67 67
87 87
47 47
5 5
32 32
12 12
60 60
81 81
8 8
80 80
72 72
3 3
6 6
91 91
89 89
10 10
55 55
86 86
0 0
57 57
74 74
30 30
16 16
98 98
1 1
23 23
27 27
64 64
93 93
2 2
22 22
73 73
11 11
15 15
66 66
37 37
96 96
50 50
99 99
68 68
78 78
85 85
88 88
17 17
33 33
36 36
26 26
42 42
18 18
90 90
