54 54
38 38
0 0
95 95
40 40
67 67
32 32
71 71
81 81
57 57
13 13
48 48
45 45
43 43
49 49
55 55
97 97
25 25
58 58
85 85
1 1
47 47
53 53
14 14
52 52
44 44
28 28
50 50
20 20
79 79
73 73
22 22
35 35
7 7
41 41
46 46
74 74
99 99
31 31
93 93
42 42
78 78
98 98
59 59
80 80
90 90
83 83
88 88
29 29
77 77
2 2
63 63
34 34
91 91
62 62
27 27
70 70
30 30
39 39
37 37
19 19
69 69
72 72
23 23
33 33
3 3
15 15
84 84
11 11
4 4
16 16
60 60
87 87
96 96
66 66
5 5
68 68
92 92
64 64
21 21
10 10
26 26
6 6
75 75
76 76
86 86
82 82
24 24
56 56
8 8
65 65
51 51
18 18
94 94
9 9
61 61
17 17
89 89
36 36
12 12
