51 51
92 92
76 76
32 32
30 30
11 11
94 94
41 41
43 43
71 71
73 73
16 16
55 55
15 15
83 83
23 23
49 49
39 39
5 5
35 35
46 46
81 81
91 91
89 89
57 57
36 36
59 59
93 93
53 53
1 1
26 26
0 0
22 22
25 25
7 7
4 4
45 45
33 33
68 68
38 38
42 42
79 79
60 60
40 40
14 14
13 13
85 85
50 50
19 19
28 28
63 63
20 20
64 64
90 90
96 96
65 65
74 74
56 56
99 99
70 70
6 6
52 52
24 24
97 97
66 66
8 8
29 29
84 84
62 62
80 80
75 75
3 3
48 48
86 86
67 67
82 82
61 61
88 88
47 47
87 87
10 10
44 44
17 17
37 37
98 98
58 58
95 95
2 2
54 54
18 18
34 34
78 78
69 69
21 21
27 27
77 77
9 9
72 72
31 31
12 12
