68 68
33 33
25 25
85 85
99 99
23 23
92 92
50 50
19 19
89 89
51 51
55 55
5 5
54 54
56 56
61 61
82 82
1 1
12 12
58 58
97 97
2 2
46 46
77 77
62 62
6 6
37 37
69 69
9 9
94 94
15 15
84 84
98 98
88 88
10 10
86 86
29 29
11 11
35 35
21 21
8 8
96 96
60 60
0 0
83 83
72 72
59 59
24 24
3 3
81 81
63 63
26 26
70 70
36 36
75 75
32 32
95 95
22 22
65 65
91 91
38 38
64 64
67 67
79 79
52 52
31 31
14 14
4 4
42 42
16 16
71 71
34 34
41 41
44 44
57 57
87 87
48 48
53 53
49 49
39 39
78 78
28 28
18 18
7 7
17 17
47 47
40 40
20 20
66 66
90 90
45 45
13 13
30 30
74 74
76 76
80 80
73 73
43 43
27 27
93 93
