77 77
58 58
38 38
0 0
26 26
92 92
48 48
49 49
81 81
8 8
96 96
79 79
76 76
64 64
52 52
91 91
47 47
41 41
20 20
18 18
25 25
66 66
4 4
34 34
12 12
6 6
7 7
37 37
60 60
27 27
29 29
63 63
44 44
51 51
31 31
40 40
98 98
59 59
1 1
69 69
83 83
54 54
17 17
86 86
94 94
62 62
73 73
46 46
57 57
61 61
72 72
21 21
68 68
93 93
22 22
88 88
19 19
74 74
95 95
13 13
42 42
89 89
90 90
33 33
70 70
5 5
24 24
10 10
82 82
15 15
80 80
30 30
39 39
56 56
87 87
23 23
78 78
71 71
9 9
14 14
16 16
55 55
85 85
32 32
75 75
35 35
97 97
43 43
2 2
11 11
65 65
67 67
99 99
84 84
45 45
3 3
36 36
50 50
28 28
53 53
