20 20
7 7
96 96
86 86
23 23
9 9
95 95
48 48
78 78
4 4
85 85
84 84
37 37
92 92
12 12
64 64
70 70
33 33
93 93
45 45
11 11
27 27
29 29
3 3
51 51
16 16
44 44
63 63
57 57
90 90
28 28
18 18
47 47
19 19
62 62
42 42
87 87
65 65
50 50
40 40
59 59
88 88
60 60
94 94
10 10
67 67
32 32
53 53
83 83
46 46
71 71
14 14
24 24
68 68
66 66
15 15
77 77
5 5
52 52
98 98
79 79
75 75
54 54
99 99
21 21
0 0
43 43
69 69
25 25
35 35
38 38
36 36
22 22
1 1
89 89
74 74
61 61
55 55
39 39
81 81
97 97
91 91
34 34
8 8
2 2
30 30
76 76
58 58
26 26
80 80
73 73
56 56
41 41
6 6
17 17
49 49
13 13
72 72
82 82
31 31
