76 76
4 4
10 10
83 83
31 31
37 37
26 26
92 92
86 86
91 91
46 46
24 24
66 66
64 64
38 38
74 74
85 85
29 29
94 94
63 63
95 95
96 96
19 19
2 2
34 34
40 40
97 97
56 56
48 48
73 73
57 57
36 36
82 82
84 84
53 53
90 90
87 87
12 12
81 81
11 11
89 89
44 44
43 43
61 61
68 68
20 20
27 27
28 28
77 77
16 16
21 21
45 45
15 15
33 33
67 67
39 39
71 71
93 93
70 70
30 30
25 25
52 52
9 9
99 99
8 8
7 7
78 78
72 72
98 98
65 65
18 18
22 22
51 51
55 55
50 50
1 1
3 3
80 80
23 23
47 47
6 6
17 17
41 41
69 69
54 54
32 32
35 35
60 60
49 49
59 59
79 79
58 58
75 75
14 14
13 13
88 88
62 62
5 5
42 42
0 0
