20 20
42 42
77 77
33 33
63 63
69 69
23 23
54 54
87 87
95 95
6 6
53 53
82 82
32 32
72 72
67 67
26 26
58 58
85 85
25 25
64 64
10 10
50 50
91 91
1 1
93 93
28 28
61 61
70 70
92 92
27 27
9 9
16 16
30 30
66 66
94 94
84 84
80 80
8 8
86 86
75 75
14 14
71 71
5 5
89 89
12 12
48 48
39 39
34 34
60 60
90 90
56 56
13 13
2 2
47 47
98 98
38 38
45 45
76 76
73 73
79 79
15 15
4 4
52 52
57 57
35 35
43 43
99 99
24 24
51 51
31 31
49 49
59 59
83 83
7 7
11 11
65 65
17 17
0 0
74 74
36 36
19 19
22 22
81 81
55 55
3 3
21 21
88 88
68 68
18 18
44 44
96 96
97 97
78 78
37 37
29 29
40 40
46 46
41 41
62 62
