56 56
65 65
96 96
89 89
36 36
99 99
55 55
14 14
52 52
22 22
37 37
24 24
91 91
38 38
83 83
34 34
84 84
20 20
42 42
57 57
16 16
4 4
98 98
25 25
29 29
94 94
41 41
63 63
19 19
2 2
69 69
46 46
3 3
23 23
6 6
5 5
97 97
67 67
88 88
49 49
54 54
64 64
28 28
7 7
35 35
48 48
82 82
61 61
90 90
50 50
0 0
33 33
86 86
60 60
73 73
30 30
74 74
31 31
93 93
11 11
40 40
70 70
53 53
66 66
1 1
71 71
32 32
9 9
13 13
27 27
78 78
72 72
62 62
12 12
92 92
77 77
26 26
85 85
15 15
51 51
87 87
45 45
76 76
10 10
44 44
81 81
17 17
8 8
75 75
80 80
21 21
58 58
18 18
95 95
68 68
43 43
39 39
47 47
79 79
59 59
