32 32
29 29
49 49
84 84
30 30
96 96
53 53
94 94
45 45
25 25
42 42
18 18
91 91
79 79
63 63
61 61
58 58
95 95
88 88
38 38
66 66
71 71
54 54
31 31
73 73
47 47
85 85
34 34
99 99
17 17
57 57
7 7
50 50
82 82
80 80
23 23
60 60
16 16
78 78
8 8
36 36
52 52
92 92
48 48
51 51
6 6
65 65
19 19
59 59
62 62
22 22
43 43
86 86
69 69
68 68
87 87
12 12
15 15
46 46
13 13
56 56
44 44
64 64
67 67
77 77
55 55
83 83
27 27
21 21
14 14
24 24
1 1
33 33
10 10
5 5
81 81
74 74
11 11
26 26
39 39
0 0
97 97
9 9
35 35
20 20
37 37
28 28
40 40
76 76
93 93
41 41
2 2
98 98
90 90
70 70
3 3
75 75
89 89
72 72
4 4
