76 76
86 86
85 85
93 93
29 29
4 4
81 81
92 92
13 13
83 83
97 97
51 51
0 0
23 23
79 79
8 8
19 19
54 54
53 53
75 75
84 84
55 55
80 80
59 59
39 39
69 69
37 37
9 9
34 34
22 22
58 58
11 11
1 1
71 71
18 18
45 45
43 43
57 57
96 96
98 98
38 38
49 49
5 5
12 12
66 66
67 67
44 44
64 64
42 42
74 74
90 90
62 62
91 91
3 3
73 73
40 40
14 14
33 33
15 15
46 46
78 78
35 35
77 77
61 61
6 6
21 21
52 52
41 41
95 95
31 31
2 2
27 27
70 70
10 10
60 60
32 32
65 65
50 50
88 88
20 20
17 17
36 36
28 28
56 56
24 24
26 26
68 68
7 7
99 99
47 47
63 63
72 72
30 30
16 16
25 25
87 87
48 48
82 82
94 94
89 89
