52 52
76 76
19 19
5 5
25 25
37 37
45 45
82 82
16 16
93 93
28 28
73 73
29 29
35 35
27 27
70 70
17 17
34 34
77 77
65 65
64 64
79 79
80 80
68 68
50 50
60 60
53 53
62 62
44 44
56 56
63 63
51 51
90 90
39 39
0 0
96 96
8 8
66 66
11 11
40 40
72 72
95 95
9 9
87 87
42 42
84 84
43 43
15 15
69 69
14 14
22 22
10 10
94 94
24 24
3 3
38 38
97 97
12 12
1 1
26 26
58 58
36 36
91 91
13 13
48 48
21 21
31 31
30 30
33 33
47 47
2 2
32 32
78 78
18 18
46 46
54 54
61 61
83 83
6 6
59 59
74 74
7 7
88 88
85 85
41 41
57 57
49 49
75 75
99 99
86 86
20 20
92 92
55 55
67 67
23 23
98 98
81 81
71 71
89 89
4 4
