28 28
17 17
81 81
18 18
35 35
13 13
0 0
53 53
96 96
97 97
91 91
48 48
94 94
74 74
20 20
30 30
77 77
83 83
39 39
7 7
37 37
23 23
36 36
47 47
31 31
32 32
24 24
10 10
75 75
54 54
76 76
93 93
73 73
46 46
4 4
70 70
64 64
43 43
5 5
68 68
58 58
49 49
12 12
90 90
62 62
57 57
63 63
6 6
71 71
19 19
98 98
78 78
99 99
2 2
45 45
44 44
69 69
15 15
61 61
80 80
41 41
11 11
14 14
65 65
52 52
42 42
27 27
56 56
25 25
72 72
38 38
1 1
85 85
51 51
26 26
50 50
86 86
21 21
79 79
89 89
55 55
22 22
34 34
84 84
67 67
33 33
60 60
92 92
95 95
88 88
66 66
9 9
59 59
16 16
3 3
8 8
82 82
40 40
29 29
87 87
