88 88
82 82
72 72
7 7
98 98
28 28
20 20
30 30
46 46
48 48
18 18
27 27
25 25
69 69
53 53
36 36
56 56
62 62
45 45
73 73
74 74
97 97
21 21
87 87
43 43
49 49
65 65
83 83
78 78
0 0
5 5
79 79
60 60
58 58
59 59
15 15
80 80
8 8
33 33
10 10
24 24
12 12
63 63
19 19
6 6
85 85
86 86
1 1
39 39
77 77
75 75
95 95
57 57
81 81
55 55
44 44
67 67
96 96
14 14
84 84
47 47
31 31
92 92
70 70
13 13
71 71
35 35
94 94
3 3
26 26
52 52
16 16
34 34
9 9
68 68
42 42
64 64
50 50
11 11
29 29
99 99
89 89
4 4
91 91
90 90
37 37
76 76
93 93
23 23
32 32
41 41
2 2
51 51
54 54
22 22
66 66
38 38
17 17
40 40
61 61
