78 78
3 3
34 34
71 71
20 20
47 47
12 12
86 86
13 13
69 69
25 25
15 15
91 91
43 43
82 82
35 35
46 46
8 8
79 79
6 6
18 18
53 53
61 61
32 32
22 22
44 44
66 66
93 93
27 27
54 54
31 31
0 0
2 2
49 49
74 74
45 45
21 21
56 56
62 62
55 55
17 17
73 73
29 29
42 42
28 28
16 16
76 76
4 4
14 14
70 70
87 87
40 40
1 1
52 52
99 99
94 94
10 10
68 68
80 80
19 19
63 63
92 92
50 50
7 7
88 88
41 41
5 5
11 11
59 59
57 57
90 90
84 84
26 26
72 72
89 89
96 96
36 36
83 83
38 38
75 75
77 77
23 23
60 60
64 64
24 24
98 98
39 39
37 37
9 9
95 95
65 65
51 51
30 30
81 81
33 33
85 85
97 97
58 58
48 48
67 67
