21 21
52 52
80 80
32 32
7 7
3 3
97 97
93 93
53 53
15 15
49 49
54 54
42 42
96 96
11 11
43 43
91 91
69 69
46 46
94 94
79 79
66 66
25 25
8 8
17 17
24 24
2 2
50 50
34 34
41 41
51 51
27 27
13 13
59 59
81 81
88 88
67 67
57 57
19 19
47 47
74 74
23 23
6 6
10 10
92 92
36 36
35 35
70 70
12 12
29 29
16 16
28 28
68 68
71 71
4 4
58 58
48 48
90 90
14 14
95 95
85 85
89 89
78 78
26 26
55 55
82 82
63 63
0 0
39 39
72 72
61 61
18 18
98 98
33 33
83 83
87 87
84 84
64 64
40 40
65 65
75 75
31 31
62 62
86 86
56 56
77 77
73 73
99 99
37 37
30 30
5 5
22 22
20 20
44 44
9 9
45 45
60 60
1 1
38 38
76 76
