99 99
32 32
96 96
62 62
17 17
31 31
58 58
10 10
13 13
41 41
55 55
16 16
74 74
80 80
88 88
45 45
48 48
50 50
46 46
90 90
73 73
12 12
98 98
34 34
26 26
76 76
9 9
33 33
24 24
49 49
0 0
29 29
57 57
14 14
89 89
65 65
78 78
43 43
72 72
4 4
68 68
3 3
64 64
35 35
42 42
92 92
38 38
25 25
95 95
83 83
97 97
70 70
19 19
6 6
79 79
91 91
54 54
40 40
59 59
18 18
71 71
85 85
53 53
52 52
21 21
30 30
5 5
81 81
77 77
36 36
37 37
63 63
69 69
23 23
39 39
61 61
11 11
82 82
15 15
51 51
7 7
22 22
94 94
2 2
60 60
93 93
28 28
8 8
75 75
56 56
44 44
20 20
67 67
86 86
84 84
66 66
27 27
87 87
1 1
47 47
