88 88
57 57
41 41
87 87
74 74
33 33
25 25
43 43
92 92
38 38
54 54
6 6
52 52
23 23
49 49
90 90
72 72
22 22
44 44
60 60
5 5
4 4
71 71
93 93
7 7
79 79
31 31
62 62
81 81
32 32
61 61
13 13
95 95
2 2
66 66
29 29
30 30
15 15
82 82
75 75
11 11
73 73
98 98
12 12
37 37
27 27
3 3
84 84
69 69
55 55
18 18
56 56
19 19
80 80
65 65
59 59
17 17
67 67
50 50
21 21
96 96
20 20
48 48
97 97
24 24
45 45
39 39
8 8
94 94
14 14
83 83
86 86
85 85
64 64
34 34
99 99
53 53
76 76
1 1
70 70
0 0
91 91
42 42
63 63
46 46
68 68
36 36
89 89
9 9
40 40
51 51
77 77
26 26
16 16
35 35
10 10
78 78
28 28
58 58
47 47
