32 32
23 23
8 8
4 4
36 36
25 25
97 97
77 77
82 82
83 83
14 14
58 58
27 27
41 41
45 45
39 39
11 11
6 6
70 70
71 71
15 15
96 96
31 31
3 3
99 99
30 30
28 28
74 74
48 48
78 78
60 60
94 94
92 92
21 21
85 85
67 67
7 7
50 50
22 22
98 98
49 49
72 72
84 84
16 16
2 2
93 93
29 29
75 75
79 79
24 24
47 47
63 63
34 34
42 42
52 52
66 66
73 73
54 54
87 87
12 12
0 0
81 81
91 91
10 10
9 9
62 62
1 1
56 56
17 17
40 40
59 59
69 69
26 26
13 13
90 90
61 61
37 37
51 51
43 43
65 65
38 38
55 55
68 68
46 46
89 89
20 20
76 76
44 44
64 64
86 86
53 53
57 57
95 95
35 35
19 19
88 88
18 18
33 33
80 80
5 5
