66 66
37 37
43 43
83 83
47 47
30 30
18 18
70 70
52 52
60 60
0 0
95 95
96 96
23 23
91 91
41 41
3 3
73 73
90 90
26 26
93 93
53 53
31 31
29 29
78 78
85 85
15 15
64 64
6 6
81 81
94 94
51 51
89 89
16 16
48 48
77 77
34 34
12 12
19 19
33 33
92 92
24 24
62 62
39 39
79 79
32 32
88 88
21 21
35 35
61 61
13 13
86 86
98 98
5 5
99 99
71 71
17 17
4 4
9 9
97 97
63 63
59 59
46 46
80 80
55 55
44 44
58 58
38 38
69 69
82 82
56 56
50 50
10 10
67 67
68 68
28 28
42 42
25 25
22 22
57 57
87 87
84 84
54 54
7 7
65 65
2 2
8 8
75 75
40 40
27 27
14 14
49 49
36 36
74 74
1 1
20 20
76 76
11 11
72 72
45 45
