18 18
56 56
20 20
94 94
93 93
85 85
89 89
81 81
5 5
22 22
26 26
99 99
55 55
24 24
57 57
63 63
61 61
73 73
43 43
79 79
47 47
90 90
76 76
11 11
82 82
13 13
45 45
66 66
46 46
21 21
67 67
64 64
92 92
8 8
72 72
50 50
98 98
1 1
14 14
44 44
4 4
40 40
54 54
86 86
27 27
2 2
6 6
29 29
65 65
0 0
75 75
9 9
37 37
95 95
97 97
25 25
32 32
3 3
78 78
16 16
91 91
31 31
33 33
84 84
53 53
70 70
34 34
41 41
15 15
77 77
30 30
96 96
88 88
10 10
48 48
28 28
68 68
38 38
23 23
49 49
87 87
58 58
60 60
36 36
35 35
83 83
80 80
51 51
69 69
71 71
62 62
17 17
7 7
19 19
52 52
42 42
39 39
12 12
74 74
59 59
