50 50
96 96
21 21
40 40
83 83
82 82
95 95
4 4
6 6
33 33
22 22
15 15
92 92
7 7
88 88
70 70
26 26
71 71
78 78
38 38
47 47
56 56
37 37
42 42
25 25
11 11
94 94
59 59
46 46
63 63
45 45
72 72
27 27
8 8
19 19
64 64
87 87
81 81
49 49
35 35
90 90
77 77
44 44
97 97
3 3
58 58
20 20
32 32
29 29
41 41
57 57
65 65
0 0
16 16
5 5
73 73
67 67
61 61
74 74
9 9
31 31
13 13
14 14
91 91
54 54
12 12
53 53
84 84
36 36
75 75
10 10
34 34
89 89
17 17
60 60
86 86
30 30
79 79
51 51
85 85
2 2
55 55
52 52
48 48
43 43
93 93
99 99
24 24
98 98
28 28
1 1
18 18
69 69
66 66
80 80
39 39
68 68
76 76
23 23
62 62
