44 44
27 27
40 40
6 6
96 96
33 33
75 75
28 28
7 7
36 36
97 97
85 85
46 46
4 4
37 37
99 99
51 51
2 2
31 31
76 76
12 12
39 39
0 0
86 86
52 52
17 17
58 58
61 61
1 1
66 66
8 8
62 62
80 80
55 55
16 16
34 34
63 63
82 82
69 69
88 88
38 38
59 59
22 22
11 11
23 23
3 3
30 30
56 56
14 14
84 84
43 43
60 60
65 65
35 35
95 95
98 98
71 71
50 50
92 92
72 72
49 49
19 19
70 70
42 42
18 18
87 87
48 48
13 13
64 64
15 15
20 20
93 93
78 78
90 90
57 57
68 68
91 91
41 41
24 24
32 32
67 67
73 73
74 74
53 53
26 26
77 77
45 45
25 25
10 10
21 21
47 47
83 83
79 79
9 9
81 81
89 89
29 29
94 94
54 54
5 5
