43 43
17 17
53 53
14 14
58 58
75 75
24 24
57 57
36 36
81 81
6 6
23 23
83 83
79 79
50 50
22 22
78 78
38 38
0 0
69 69
4 4
97 97
45 45
99 99
21 21
73 73
68 68
34 34
87 87
41 41
16 16
33 33
98 98
71 71
12 12
80 80
77 77
35 35
92 92
3 3
26 26
19 19
25 25
51 51
28 28
96 96
63 63
89 89
60 60
39 39
13 13
94 94
70 70
74 74
88 88
95 95
64 64
62 62
9 9
93 93
61 61
1 1
15 15
20 20
72 72
37 37
30 30
59 59
10 10
47 47
46 46
8 8
67 67
85 85
56 56
90 90
55 55
86 86
52 52
48 48
84 84
42 42
5 5
76 76
11 11
31 31
91 91
27 27
32 32
18 18
44 44
7 7
54 54
66 66
2 2
29 29
65 65
49 49
82 82
40 40
