79 79
15 15
62 62
82 82
98 98
69 69
63 63
50 50
92 92
99 99
83 83
90 90
25 25
78 78
2 2
68 68
46 46
57 57
37 37
3 3
24 24
23 23
9 9
34 34
66 66
20 20
91 91
7 7
94 94
55 55
86 86
39 39
8 8
21 21
43 43
88 88
81 81
89 89
11 11
33 33
74 74
73 73
0 0
76 76
49 49
58 58
18 18
93 93
85 85
17 17
60 60
10 10
1 1
52 52
61 61
70 70
77 77
35 35
47 47
87 87
16 16
59 59
12 12
13 13
6 6
5 5
53 53
14 14
42 42
54 54
44 44
45 45
4 4
19 19
26 26
80 80
67 67
31 31
22 22
84 84
41 41
38 38
65 65
75 75
51 51
27 27
71 71
29 29
36 36
64 64
28 28
48 48
95 95
97 97
32 32
30 30
72 72
40 40
56 56
96 96
