58 58
74 74
61 61
16 16
87 87
36 36
50 50
15 15
10 10
21 21
68 68
70 70
2 2
83 83
12 12
90 90
23 23
43 43
59 59
95 95
77 77
27 27
0 0
29 29
32 32
51 51
38 38
6 6
60 60
33 33
66 66
89 89
11 11
80 80
94 94
55 55
1 1
75 75
54 54
8 8
7 7
78 78
9 9
81 81
20 20
64 64
71 71
67 67
18 18
96 96
28 28
76 76
17 17
3 3
30 30
42 42
72 72
52 52
57 57
25 25
79 79
41 41
47 47
82 82
69 69
14 14
31 31
26 26
56 56
46 46
62 62
97 97
49 49
4 4
22 22
85 85
34 34
63 63
98 98
65 65
40 40
44 44
24 24
53 53
19 19
84 84
39 39
88 88
99 99
93 93
48 48
13 13
73 73
45 45
35 35
86 86
91 91
37 37
92 92
5 5
