93 93
27 27
24 24
82 82
51 51
36 36
62 62
26 26
54 54
76 76
9 9
59 59
74 74
12 12
17 17
95 95
35 35
87 87
55 55
64 64
15 15
88 88
45 45
86 86
81 81
49 49
73 73
69 69
3 3
77 77
32 32
61 61
89 89
90 90
46 46
19 19
42 42
16 16
50 50
48 48
22 22
99 99
63 63
85 85
79 79
21 21
83 83
43 43
40 40
68 68
2 2
30 30
67 67
38 38
0 0
10 10
72 72
94 94
98 98
33 33
37 37
23 23
7 7
14 14
58 58
1 1
6 6
92 92
8 8
53 53
78 78
52 52
39 39
84 84
71 71
47 47
13 13
11 11
25 25
18 18
56 56
97 97
20 20
96 96
75 75
80 80
57 57
65 65
34 34
41 41
31 31
66 66
4 4
44 44
5 5
60 60
70 70
91 91
29 29
28 28
