87 87
60 60
25 25
64 64
56 56
45 45
27 27
2 2
58 58
51 51
20 20
99 99
84 84
61 61
21 21
81 81
85 85
42 42
63 63
75 75
18 18
0 0
49 49
38 38
35 35
39 39
12 12
70 70
32 32
44 44
94 94
92 92
86 86
40 40
22 22
48 48
8 8
30 30
34 34
15 15
11 11
23 23
29 29
14 14
55 55
4 4
47 47
50 50
36 36
31 31
80 80
83 83
28 28
57 57
52 52
41 41
95 95
59 59
69 69
88 88
7 7
65 65
89 89
62 62
43 43
37 37
74 74
13 13
16 16
79 79
9 9
96 96
33 33
97 97
91 91
98 98
3 3
90 90
67 67
93 93
77 77
6 6
46 46
72 72
24 24
26 26
10 10
68 68
19 19
76 76
71 71
78 78
66 66
5 5
73 73
53 53
54 54
1 1
17 17
82 82
