0 0 0 0 0 0 0 0 0 0 0 0 0 0 0 0 0 0 0 
0 0 0 0 0 0 0 0 0 0 0 0 0 0 0 0 0 0 0 
0 0 0 0 0 0 0 0 0 0 0 0 0 0 0 0 0 0 0 
0 0 0 0 0 0 0 0 0 0 0 0 0 0 0 0 0 0 0 
0 0 0 0 0 0 0 0 0 0 0 0 0 0 0 0 0 0 0 
0 0 0 0 0 0 0 0 0 0 0 0 0 0 0 0 0 0 0 
0 0 0 0 0 0 0 0 0 0 0 0 0 0 0 0 0 0 0 
0 0 0 0 0 0 0 0 0 0 0 0 0 0 0 0 0 0 0 
0 0 0 0 0 0 0 0 0 0 0 0 0 0 0 0 0 0 0 
0 0 0 0 0 0 0 0 0 0 0 0 0 0 0 0 0 0 0 
0 0 0 0 0 0 0 0 0 0 0 0 0 0 0 0 0 0 0 
0 0 0 0 0 0 0 0 0 0 0 0 0 0 0 0 0 0 0 
0 0 0 0 0 0 0 0 0 0 0 0 0 0 0 0 0 0 0 
0 0 0 0 0 0 0 0 0 0 0 0 0 0 0 0 0 0 0 
0 0 0 0 0 0 0 0 0 0 0 0 0 0 0 0 0 0 0 
0 0 0 0 0 0 0 0 0 0 0 0 0 0 0 0 0 0 0 
0 0 0 0 0 0 0 0 0 0 0 0 0 0 0 0 0 0 0 
0 0 0 0 0 0 0 0 0 0 0 0 0 0 0 0 0 0 0 
0 0 0 0 0 0 0 0 0 0 0 0 0 0 0 0 0 0 0 
0 0 0 0 0 0 0 0 0 0 0 0 0 0 0 0 0 0 0 
0 0 0 0 0 0 0 0 0 0 0 0 0 0 0 0 0 0 0 0 
0 0 0 0 0 0 0 0 0 0 0 0 0 0 0 0 0 0 0 0 
0 0 0 0 0 0 0 0 0 0 0 0 0 0 0 0 0 0 0 0 
0 0 0 0 0 0 0 0 0 0 0 0 0 0 0 0 0 0 0 0 
0 0 0 0 0 0 0 0 0 0 0 0 0 0 0 0 0 0 0 0 
0 0 0 0 0 0 0 0 0 0 0 0 0 0 0 0 0 0 0 0 
0 0 0 0 0 0 0 0 0 0 0 0 0 0 0 0 0 0 0 0 
0 0 0 0 0 0 0 0 0 0 0 0 0 0 0 0 0 0 0 0 
0 0 0 0 0 0 0 0 0 0 0 0 0 0 0 0 0 0 0 0 
0 0 0 0 0 0 0 0 0 0 0 0 0 0 0 0 0 0 0 0 
0 0 0 0 0 0 0 0 0 0 0 0 0 0 0 0 0 0 0 0 
0 0 0 0 0 0 0 0 0 0 0 0 0 0 0 0 0 0 0 0 
0 0 0 0 0 0 0 0 0 0 0 0 0 0 0 0 0 0 0 0 
0 0 0 0 0 0 0 0 0 0 0 0 0 0 0 0 0 0 0 0 
0 0 0 0 0 0 0 0 0 0 0 0 0 0 0 0 0 0 0 0 
0 0 0 0 0 0 0 0 0 0 0 0 0 0 0 0 0 0 0 0 
0 0 0 0 0 0 0 0 0 0 0 0 0 0 0 0 0 0 0 0 
0 0 0 0 0 0 0 0 0 0 0 0 0 0 0 0 0 0 0 0 
0 0 0 0 0 0 0 0 0 0 0 0 0 0 0 0 0 0 0 0 
1 0 10 11
2 15 2
1 17 18 11
2 15 10
1 2 13 11
2 3 2
1 6 2 11
2 9 8
1 4 15 4
2 11 19
1 9 16 4
2 3 16
1 4 18 11
2 8 19
1 3 11 4
2 6 0
1 5 7 11
2 13 16
1 17 17 11
2 19 4
1 8 5 11
2 8 8
1 1 18 11
2 10 2
1 13 14 11
2 18 13
1 5 6 11
2 0 4
1 5 6 11
2 0 14
1 12 18 11
2 5 14
1 11 8 11
2 16 3
1 6 7 4
2 3 19
1 8 12 11
2 10 1
1 16 18 4
2 19 9
1 13 3 11
2 18 3
1 9 8 11
2 16 3
1 9 16 11
2 16 9
1 0 16 0
2 6 1
1 2 10 0
2 9 5
1 10 19 11
2 16 19
1 10 10 8
2 4 5
1 16 12 11
2 10 3
1 11 4 18
2 17 7
1 3 19 4
2 15 11
1 5 14 11
2 11 17
1 19 6 4
2 17 6
1 19 14 11
2 19 11
1 16 0 4
2 18 8
1 11 4 11
2 0 6
1 19 11 11
2 3 18
1 15 12 4
2 13 1
1 4 12 11
2 12 3
1 2 19 4
2 14 3
1 14 8 11
2 10 1
1 15 4 11
2 9 12
1 4 10 18
2 7 8
1 6 6 8
2 1 1
1 17 4 11
2 9 6
1 1 9 11
2 17 8
1 18 16 0
2 8 13
1 19 14 11
2 4 13
1 2 16 11
2 0 3
1 15 11 11
2 1 16
1 1 7 11
2 2 12
1 12 9 4
2 8 18
1 8 7 4
2 17 9
1 15 19 11
2 13 9
1 12 6 11
2 15 13
1 8 4 11
2 5 3
1 15 19 11
2 2 13
1 4 6 11
2 12 8
1 16 13 11
2 3 17
1 7 16 4
2 14 10
1 12 14 4
2 5 3
1 1 12 11
2 3 6
1 6 15 11
2 11 5
1 9 5 8
2 0 7
1 14 11 11
2 8 12
1 7 6 11
2 3 15
1 4 4 0
2 16 5
1 12 18 8
2 13 14
1 18 8 11
2 15 19
1 9 1 11
2 16 9
1 19 15 4
2 11 15
1 11 14 11
2 16 17
1 11 18 11
2 13 16
1 19 0 4
2 10 3
1 7 15 11
2 4 10
1 19 12 4
2 18 11
1 19 18 11
2 3 18
1 6 10 4
2 12 6
1 1 14 11
2 13 6
1 19 18 11
2 7 1
1 15 19 11
2 17 3
1 17 14 11
2 6 19
1 2 11 11
2 19 2
1 14 4 8
2 8 8
1 3 4 11
2 2 10
1 3 19 0
2 1 17
1 13 15 11
2 16 16
1 12 12 11
2 1 8
1 9 15 11
2 16 0
1 19 11 11
2 2 14
1 0 0 10
2 2 6
1 5 15 11
2 2 7
1 0 5 0
2 6 18
1 6 16 11
2 12 5
1 3 14 11
2 5 0
1 1 17 11
2 2 19
1 12 14 11
2 1 16
1 16 0 11
2 8 8
1 6 18 8
2 0 11
1 4 12 4
2 17 4
1 7 0 13
2 1 16
1 2 4 11
2 2 7
1 0 15 11
2 1 14
1 16 14 11
2 18 16
1 11 2 11
2 13 13
1 14 18 11
2 19 11
1 0 4 11
2 18 11
1 8 18 11
2 11 5
1 12 0 4
2 0 14
1 19 14 11
2 7 13
1 5 0 18
2 5 8
1 15 2 11
2 5 2
1 10 13 4
2 1 3
1 11 14 11
2 4 11
1 16 8 11
2 5 19
1 12 9 11
2 0 3
1 9 0 11
2 10 2
1 13 9 18
2 7 5
1 18 7 11
2 12 3
1 14 17 0
2 2 12
1 17 14 11
2 8 16
1 11 0 8
2 2 7
1 14 11 11
2 16 3
1 16 6 11
2 1 12
1 10 4 11
2 15 4
1 4 7 11
2 17 18
1 6 4 11
2 9 16
1 18 2 18
2 13 2
1 3 10 0
2 17 11
1 11 19 11
2 6 3
1 4 8 11
2 8 0
1 7 10 4
2 7 10
1 2 16 0
2 5 4
1 8 13 11
2 11 19
1 11 12 10
2 6 12
1 0 9 11
2 3 3
1 0 0 11
2 14 13
1 8 8 11
2 1 12
1 16 11 11
2 2 19
1 17 3 11
2 15 17
1 6 1 4
2 13 19
1 15 17 4
2 14 15
1 11 13 11
2 6 3
1 15 18 4
2 5 1
1 12 18 11
2 9 16
1 6 13 11
2 15 11
1 17 3 4
2 14 10
1 11 14 11
2 10 4
1 9 1 11
2 11 12
1 18 18 11
2 8 4
1 9 0 11
2 7 1
1 18 11 4
2 11 12
1 8 16 11
2 1 8
1 9 10 11
2 12 17
1 11 2 11
2 10 8
1 6 15 13
2 2 1
1 7 0 11
2 14 7
1 8 1 11
2 3 3
1 1 18 4
2 15 1
1 5 10 11
2 7 1
1 16 18 11
2 14 16
1 15 11 16
2 18 12
1 18 3 18
2 10 11
1 13 4 11
2 10 3
1 9 6 11
2 10 2
1 17 2 4
2 5 9
1 16 17 11
2 9 7
1 14 7 11
2 0 18
1 1 7 11
2 4 0
1 13 6 11
2 7 18
1 18 14 11
2 15 13
1 4 19 11
2 12 18
1 1 8 11
2 10 10
1 17 6 8
2 0 17
1 15 8 18
2 11 9
1 15 12 11
2 13 19
1 7 10 11
2 12 2
1 18 18 11
2 13 13
1 14 9 0
2 17 10
1 5 7 11
2 1 19
1 14 5 11
2 2 15
1 14 12 11
2 4 0
1 12 8 11
2 7 12
1 12 19 11
2 18 15
1 13 13 11
2 3 4
1 12 6 11
2 11 3
1 11 0 11
2 17 19
1 19 14 11
2 12 10
1 7 19 11
2 15 15
1 0 16 11
2 18 9
1 7 5 8
2 14 15
1 14 17 11
2 1 2
1 19 19 11
2 19 6
1 5 2 11
2 3 4
1 12 2 11
2 15 11
1 16 9 11
2 15 11
1 17 8 13
2 19 17
1 10 1 11
2 10 19
1 15 15 11
2 9 17
1 19 1 11
2 0 7
1 19 11 4
2 17 4
1 16 8 11
2 7 0
1 0 11 11
2 10 14
1 6 4 11
2 5 1
1 7 9 11
2 7 14
1 4 9 11
2 10 18
1 10 16 18
2 16 14
1 10 14 4
2 3 18
1 14 14 11
2 17 1
1 3 10 11
2 19 7
1 0 0 11
2 16 3
1 18 12 11
2 15 11
1 19 7 11
2 6 5
1 6 12 11
2 10 1
1 6 18 13
2 5 1
1 2 1 11
2 14 18
1 9 14 18
2 17 5
1 6 10 11
2 4 10
1 0 8 4
2 16 14
1 14 9 11
2 18 13
1 7 7 11
2 8 16
1 1 15 11
2 15 10
1 18 3 4
2 4 3
1 14 14 11
2 9 1
1 13 7 8
2 2 19
1 9 10 11
2 19 1
1 3 17 11
2 10 11
1 10 6 11
2 16 11
1 5 16 8
2 7 13
1 5 1 11
2 10 12
1 19 2 11
2 5 9
1 15 14 11
2 14 0
1 11 6 8
2 6 0
1 12 11 11
2 12 0
1 12 0 11
2 10 13
1 6 9 11
2 4 17
1 12 16 11
2 7 2
1 2 3 11
2 5 1
1 19 9 11
2 5 2
1 11 4 11
2 12 12
1 13 8 11
2 15 15
1 9 12 18
2 16 14
1 16 3 11
2 15 9
1 16 2 18
2 9 11
1 13 16 13
2 10 18
1 4 17 11
2 17 9
1 10 7 8
2 15 6
1 18 17 4
2 1 14
1 5 13 11
2 12 13
1 13 10 4
2 18 16
1 10 16 11
2 14 9
1 7 6 11
2 17 19
1 15 6 11
2 14 19
1 10 9 11
2 19 8
1 2 4 8
2 15 1
1 17 11 11
2 9 11
1 3 2 11
2 6 12
1 10 9 11
2 15 16
1 12 7 4
2 3 0
1 17 2 11
2 15 9
1 0 18 11
2 8 11
1 1 5 4
2 7 0
1 18 3 11
2 8 15
1 9 18 11
2 0 1
1 18 13 11
2 7 9
1 0 2 11
2 13 10
1 11 18 11
2 6 17
1 6 2 11
2 14 6
1 19 3 8
2 9 7
1 0 7 11
2 17 5
1 13 15 8
2 2 7
1 4 7 11
2 17 16
1 1 7 18
2 10 10
1 3 6 18
2 6 1
1 18 8 11
2 14 4
1 16 17 18
2 4 3
1 7 0 11
2 14 16
1 15 7 11
2 2 19
1 4 3 11
2 9 19
1 0 8 11
2 6 9
1 14 9 11
2 8 8
1 3 6 4
2 7 1
1 5 3 11
2 10 8
1 15 12 11
2 6 1
1 14 14 11
2 4 17
1 16 16 11
2 10 7
1 14 5 8
2 1 12
1 7 15 11
2 16 5
1 10 11 11
2 19 1
1 2 6 18
2 18 19
1 16 6 11
2 12 8
1 1 3 11
2 13 9
1 14 1 4
2 17 2
1 15 7 4
2 10 16
1 12 10 0
2 1 6
1 14 9 11
2 18 19
1 0 16 11
2 18 9
1 2 1 0
2 8 1
1 8 8 18
2 2 16
1 18 2 4
2 16 17
1 10 19 11
2 7 8
1 10 0 11
2 13 1
1 5 12 4
2 4 17
1 8 14 0
2 4 17
1 13 5 11
2 1 15
1 1 19 11
2 5 16
1 4 2 11
2 5 19
1 9 11 11
2 7 5
1 15 0 11
2 11 15
1 2 7 11
2 13 14
1 14 13 11
2 3 12
1 8 8 11
2 14 12
1 3 3 11
2 8 13
1 16 14 11
2 14 3
1 7 1 11
2 1 18
1 15 10 18
2 9 4
1 1 16 11
2 2 12
1 5 8 11
2 10 14
1 14 4 11
2 13 14
1 7 14 8
2 1 0
1 6 5 0
2 3 9
1 6 2 11
2 0 19
1 9 3 11
2 1 7
1 2 5 11
2 15 9
1 7 1 11
2 7 3
1 3 0 18
2 1 19
1 15 9 18
2 19 11
1 1 5 11
2 17 2
1 10 18 11
2 5 19
1 11 15 11
2 8 7
1 19 10 11
2 0 8
1 10 19 11
2 3 17
1 10 12 11
2 5 6
1 10 0 11
2 16 16
1 14 4 11
2 10 3
1 19 15 11
2 2 9
1 12 5 4
2 0 8
1 14 4 11
2 11 4
1 10 4 0
2 1 13
1 3 15 11
2 0 3
1 11 19 4
2 0 3
1 17 16 4
2 9 10
1 4 4 11
2 0 10
1 18 4 11
2 13 15
1 1 13 11
2 5 4
1 16 2 11
2 8 3
1 9 19 11
2 0 4
1 5 0 0
2 11 17
1 15 18 11
2 13 0
1 8 16 11
2 10 14
1 17 11 11
2 8 16
1 8 12 18
2 2 9
1 15 15 11
2 9 16
1 15 12 11
2 15 17
1 7 14 11
2 17 17
1 13 19 11
2 16 18
1 19 2 11
2 1 7
1 9 14 11
2 0 13
1 2 2 11
2 0 11
1 16 15 11
2 8 2
1 15 7 11
2 17 8
1 1 14 4
2 17 14
1 14 2 11
2 12 12
1 7 8 0
2 18 17
1 2 17 11
2 14 15
1 14 1 11
2 12 18
1 15 4 11
2 19 17
1 13 2 11
2 3 12
1 15 11 11
2 1 5
1 12 18 11
2 14 7
1 11 1 11
2 18 18
1 15 10 11
2 7 2
1 18 2 11
2 8 18
1 3 18 11
2 0 17
1 6 17 11
2 0 7
1 4 11 11
2 2 4
1 6 12 10
2 15 9
1 1 18 11
2 10 19
1 14 9 11
2 12 14
1 18 17 11
2 16 3
1 12 16 11
2 5 17
1 1 19 11
2 18 9
1 17 4 11
2 2 7
1 14 11 4
2 0 6
1 12 5 11
2 10 2
1 8 7 11
2 16 7
1 15 14 11
2 7 10
1 0 2 11
2 3 0
1 0 6 11
2 16 0
1 17 14 4
2 12 1
1 6 3 11
2 5 5
1 16 10 4
2 3 11
1 7 3 11
2 2 1
1 16 5 11
2 9 18
1 17 17 11
2 6 7
1 6 6 11
2 3 14
1 10 9 11
2 5 10
1 0 3 11
2 9 6
1 18 12 11
2 3 17
1 19 3 13
2 11 19
1 17 1 11
2 19 4
1 14 14 11
2 12 6
1 15 15 4
2 5 15
1 8 1 11
2 11 18
1 6 15 11
2 8 12
1 10 2 11
2 7 14
1 17 6 11
2 15 16
1 3 19 0
2 1 17
1 9 5 11
2 16 2
1 13 7 13
2 19 1
1 10 12 18
2 3 7
1 3 18 8
2 13 16
1 18 7 11
2 5 6
1 2 11 18
2 16 11
1 5 1 11
2 6 18
1 9 16 18
2 11 12
1 19 3 11
2 8 3
1 14 15 8
2 19 2
1 8 15 11
2 4 2
1 3 11 4
2 10 8
1 4 8 11
2 0 7
1 8 4 11
2 6 17
1 15 14 11
2 13 14
1 4 9 11
2 5 13
1 15 9 11
2 1 3
1 10 9 11
2 16 9
1 12 12 11
2 1 18
1 3 7 11
2 3 17
1 0 10 0
2 9 14
1 17 5 0
2 7 12
1 8 14 11
2 1 12
1 7 11 8
2 7 17
1 14 19 11
2 0 5
1 5 3 11
2 18 0
1 17 11 11
2 10 10
1 6 11 4
2 13 8
1 5 18 11
2 5 7
1 14 2 11
2 17 15
1 11 14 11
2 6 18
1 2 13 11
2 9 16
1 14 15 11
2 6 1
1 5 2 11
2 17 18
1 12 17 11
2 3 7
1 16 14 11
2 0 13
1 3 11 0
2 2 10
1 18 9 11
2 17 10
1 4 16 11
2 9 18
1 10 17 4
2 14 5
1 10 9 18
2 10 4
1 6 10 11
2 9 5
1 17 16 11
2 5 19
1 1 13 13
2 7 14
1 11 2 11
2 18 12
1 19 16 11
2 6 19
1 0 2 11
2 18 18
1 14 6 11
2 12 14
1 16 5 11
2 7 2
1 18 8 4
2 2 3
1 4 6 11
2 16 4
1 9 1 11
2 10 13
1 8 17 11
2 5 10
1 8 4 11
2 6 14
1 2 19 11
2 12 6
1 11 0 11
2 16 11
1 15 17 11
2 15 16
1 14 6 11
2 2 7
1 9 10 11
2 9 19
1 3 13 8
2 13 2
1 17 7 11
2 7 13
1 9 1 11
2 13 3
1 2 7 11
2 2 15
1 8 18 11
2 4 4
1 1 0 11
2 14 16
1 18 10 11
2 10 10
1 8 8 11
2 6 19
1 19 10 14
2 16 5
1 11 0 11
2 11 3
1 5 5 0
2 7 9
1 11 4 11
2 19 2
1 3 0 4
2 15 10
1 2 16 11
2 3 9
1 2 19 11
2 15 17
1 2 7 11
2 10 9
1 7 13 11
2 16 7
1 16 4 11
2 14 2
1 18 2 11
2 2 12
1 1 12 11
2 5 12
1 16 1 11
2 2 11
1 7 4 18
2 14 18
1 7 4 11
2 10 19
1 13 12 11
2 5 6
1 7 7 8
2 17 0
1 0 0 4
2 13 2
1 8 19 11
2 17 18
1 14 15 11
2 6 7
1 14 19 0
2 10 4
1 6 1 11
2 12 6
1 15 9 11
2 1 9
1 13 1 11
2 16 2
1 8 12 11
2 8 10
1 16 12 11
2 12 12
1 5 11 11
2 5 6
1 18 18 0
2 7 8
1 3 11 11
2 6 5
1 8 4 8
2 19 17
1 0 19 4
2 3 12
1 8 4 4
2 8 13
1 8 4 18
2 10 11
1 17 15 0
2 9 10
1 2 12 11
2 18 10
1 15 12 11
2 8 8
1 7 4 11
2 11 13
1 17 6 0
2 8 4
1 2 13 18
2 14 19
1 19 3 11
2 11 1
1 9 8 11
2 12 9
1 15 10 11
2 3 9
1 8 11 11
2 8 3
1 15 7 11
2 12 7
1 6 8 11
2 7 4
1 14 11 11
2 8 16
1 19 7 11
2 0 17
1 1 12 11
2 5 6
1 12 7 4
2 9 1
1 18 8 11
2 0 17
1 10 19 11
2 16 16
1 4 6 18
2 2 14
1 13 17 18
2 15 14
1 12 5 11
2 5 11
1 13 2 11
2 12 19
1 3 14 18
2 1 7
1 9 3 8
2 8 12
1 8 8 11
2 10 4
1 6 10 11
2 15 2
1 18 7 11
2 9 4
1 10 18 11
2 12 0
1 10 9 11
2 5 9
1 7 14 18
2 19 9
1 18 15 11
2 2 4
1 5 7 18
2 4 18
1 15 13 11
2 0 11
1 1 2 11
2 8 17
1 17 4 11
2 8 9
1 5 0 11
2 6 4
1 4 11 18
2 6 13
1 3 15 18
2 0 6
1 13 6 11
2 2 2
1 7 16 11
2 16 13
1 0 18 11
2 1 12
1 3 8 11
2 12 11
1 8 12 18
2 13 16
1 10 5 11
2 3 19
1 5 15 11
2 15 15
1 1 16 11
2 17 12
1 18 9 11
2 10 18
1 17 17 11
2 15 12
1 5 10 11
2 8 10
1 0 0 18
2 0 13
1 12 4 8
2 1 5
1 13 1 11
2 8 19
1 5 0 4
2 8 14
1 5 15 11
2 2 9
1 6 2 11
2 6 12
1 13 12 10
2 7 14
1 8 6 11
2 4 4
1 14 4 11
2 8 6
1 16 16 11
2 4 9
1 3 3 11
2 6 10
1 13 12 11
2 18 11
1 5 5 11
2 10 4
1 16 14 11
2 18 2
1 15 17 8
2 9 8
1 9 4 11
2 8 18
1 11 18 11
2 14 2
1 2 6 11
2 15 18
1 6 9 11
2 3 8
1 3 8 11
2 10 11
1 17 19 11
2 7 7
1 1 2 11
2 10 17
1 11 3 11
2 13 15
1 15 1 11
2 4 7
1 19 2 11
2 19 13
1 2 5 8
2 2 11
1 3 4 4
2 9 6
1 17 18 11
2 2 5
1 12 2 11
2 18 2
1 7 6 4
2 9 8
1 6 1 11
2 3 12
1 10 16 11
2 2 12
1 9 9 11
2 10 16
1 17 7 4
2 16 4
1 4 7 8
2 7 15
1 3 12 11
2 18 19
1 12 15 0
2 10 15
1 8 7 11
2 4 7
1 17 3 8
2 10 1
1 12 5 11
2 9 16
1 14 18 11
2 9 0
1 15 1 11
2 6 4
1 0 1 11
2 11 3
1 12 15 11
2 7 1
1 11 7 8
2 4 19
1 13 11 4
2 10 17
1 18 3 4
2 7 2
1 0 5 11
2 12 3
1 13 10 0
2 11 11
1 9 19 0
2 14 8
1 19 2 11
2 19 12
1 1 10 11
2 2 2
1 3 7 11
2 15 1
1 8 2 11
2 17 8
1 11 12 11
2 5 1
1 11 12 11
2 0 19
1 7 0 11
2 12 11
1 19 8 11
2 2 12
1 17 4 11
2 15 14
1 14 16 11
2 13 5
1 15 2 11
2 17 14
1 15 2 18
2 13 10
1 6 12 11
2 17 0
1 17 4 18
2 12 8
1 17 9 11
2 7 18
1 9 1 11
2 8 17
1 17 13 11
2 14 4
1 9 19 11
2 2 8
1 19 16 13
2 0 6
1 9 9 4
2 8 12
1 5 2 11
2 16 16
1 15 0 0
2 4 13
1 15 2 11
2 8 12
1 3 8 11
2 13 9
1 13 13 8
2 17 17
1 7 3 11
2 18 10
1 0 6 18
2 18 7
1 6 4 11
2 11 18
1 2 12 11
2 2 4
1 12 1 11
2 16 6
1 1 9 4
2 3 1
1 5 1 11
2 5 5
1 15 11 11
2 9 0
1 8 8 0
2 1 9
1 0 7 11
2 12 3
1 7 6 11
2 16 4
1 1 19 11
2 10 3
1 5 15 11
2 11 3
1 16 15 11
2 13 18
1 10 17 4
2 13 2
1 18 14 11
2 4 12
1 11 17 13
2 1 12
1 7 10 0
2 18 4
1 2 15 8
2 16 9
1 2 15 11
2 10 13
1 14 7 11
2 5 4
1 11 14 11
2 6 1
1 6 10 11
2 4 13
1 9 2 18
2 6 18
1 2 3 18
2 3 19
1 7 5 11
2 1 5
1 12 3 11
2 14 1
1 15 2 11
2 9 16
1 12 11 11
2 2 17
1 5 8 11
2 14 7
1 15 8 11
2 6 12
1 14 16 11
2 12 15
1 10 11 11
2 1 12
1 13 5 4
2 0 0
1 18 2 13
2 16 6
1 12 5 11
2 18 18
1 3 17 11
2 11 14
1 16 19 18
2 16 7
1 7 18 11
2 6 1
1 1 12 11
2 4 15
1 3 7 11
2 0 9
1 7 17 11
2 9 15
1 4 7 11
2 4 14
1 4 2 11
2 4 16
1 11 2 11
2 5 11
1 18 3 11
2 10 19
1 15 17 11
2 17 6
1 17 0 11
2 8 9
1 3 1 0
2 0 11
1 1 4 11
2 2 19
1 5 2 4
2 15 18
1 11 7 4
2 11 6
1 19 14 4
2 10 13
1 14 13 15
2 15 4
1 10 18 4
2 3 16
1 10 13 11
2 0 12
1 4 7 11
2 6 3
1 10 5 11
2 1 3
1 5 15 11
2 5 7
1 0 6 11
2 6 19
1 14 5 11
2 2 7
1 4 9 4
2 11 0
1 8 17 11
2 2 3
1 15 8 11
2 4 7
1 7 19 11
2 3 18
1 12 12 11
2 12 16
1 13 1 11
2 9 5
1 19 6 11
2 11 0
1 16 11 11
2 4 13
1 9 7 11
2 19 18
1 18 13 11
2 17 9
1 11 12 11
2 5 10
1 14 13 11
2 3 6
1 19 5 11
2 4 15
1 11 3 11
2 17 5
1 12 12 11
2 3 1
1 9 10 11
2 0 5
1 7 2 11
2 14 12
1 13 11 11
2 18 15
1 9 11 11
2 2 11
1 16 5 18
2 1 2
1 13 18 11
2 1 2
1 17 9 18
2 4 14
1 12 11 11
2 17 4
1 6 3 11
2 8 15
1 10 7 11
2 16 19
1 11 6 18
2 14 12
1 3 14 4
2 2 8
1 0 17 4
2 8 0
1 14 19 4
2 9 17
1 13 6 11
2 15 3
1 15 5 11
2 11 10
1 13 6 11
2 7 0
1 15 9 18
2 1 7
1 10 0 11
2 19 14
1 1 11 4
2 12 19
1 17 8 11
2 5 9
1 4 9 11
2 3 12
1 7 13 0
2 4 9
1 19 2 4
2 11 14
1 0 12 0
2 9 18
1 7 6 0
2 6 6
1 7 6 11
2 0 8
1 10 16 4
2 10 8
1 8 0 4
2 11 0
1 15 14 11
2 11 12
1 8 6 11
2 1 15
1 10 1 11
2 14 0
1 9 11 13
2 14 1
1 15 17 18
2 2 6
1 16 16 11
2 9 16
1 12 7 11
2 18 10
1 6 2 4
2 1 19
1 4 6 11
2 19 14
1 11 0 4
2 10 13
1 18 4 11
2 19 13
1 13 3 11
2 13 12
1 11 11 11
2 4 14
1 16 3 11
2 3 0
1 18 11 11
2 10 6
1 0 16 11
2 1 11
1 10 8 8
2 3 3
1 1 11 11
2 6 4
1 12 14 11
2 19 4
1 10 16 11
2 19 14
1 10 4 0
2 13 1
1 15 14 11
2 6 0
1 6 0 4
2 1 8
1 19 0 11
2 17 16
1 19 3 11
2 14 19
1 14 17 18
2 7 4
1 17 10 11
2 17 12
1 17 9 11
2 10 15
1 2 4 18
2 1 0
1 4 13 11
2 0 9
1 10 0 4
2 18 15
1 18 13 11
2 2 2
1 7 19 11
2 1 16
1 11 16 18
2 13 10
1 10 16 11
2 2 2
1 16 6 11
2 13 0
1 15 16 11
2 6 8
1 14 19 11
2 11 12
1 7 8 4
2 3 12
1 12 0 11
2 8 11
1 15 1 11
2 4 19
1 10 15 11
2 6 9
1 13 16 11
2 17 2
1 7 17 4
2 11 19
1 17 4 0
2 5 15
1 13 19 11
2 10 9
1 16 4 11
2 12 0
1 3 0 4
2 7 18
1 16 9 11
2 3 5
1 12 16 11
2 3 6
1 7 12 11
2 10 5
1 16 18 11
2 4 18
1 2 16 11
2 18 12
1 16 17 0
2 12 12
1 6 2 17
2 7 19
1 17 4 18
2 19 16
1 3 8 4
2 15 6
1 2 5 11
2 6 14
1 18 11 11
2 19 17
1 11 2 4
2 12 4
1 7 2 11
2 13 0
1 14 16 8
2 18 1
1 18 13 11
2 12 19
1 2 17 11
2 16 10
1 11 15 11
2 5 8
1 2 9 11
2 18 13
1 8 13 4
2 7 2
1 17 16 11
2 17 3
1 3 19 11
2 5 16
1 18 0 11
2 12 15
1 15 18 4
2 10 6
1 9 2 13
2 9 6
1 16 5 13
2 8 9
1 12 5 18
2 19 17
1 12 10 11
2 6 0
1 12 14 11
2 1 10
1 17 4 11
2 13 17
1 5 18 11
2 17 3
1 5 17 0
2 0 16
1 13 6 11
2 14 14
1 18 15 18
2 17 14
1 15 9 11
2 14 14
1 9 1 11
2 9 4
1 0 11 11
2 10 9
1 14 19 11
2 15 4
1 17 7 11
2 19 16
1 17 8 11
2 16 14
1 10 6 11
2 19 15
1 11 3 0
2 4 19
1 13 2 11
2 1 12
1 3 8 4
2 7 14
1 18 2 11
2 18 13
1 18 18 18
2 12 3
1 4 18 13
2 9 9
1 17 3 4
2 10 18
1 1 19 11
2 9 9
1 15 17 4
2 14 0
1 11 3 11
2 10 3
1 2 14 11
2 12 1
1 13 11 4
2 12 4
1 2 18 11
2 2 14
1 17 7 11
2 8 14
1 11 11 11
2 5 7
1 14 7 11
2 7 4
1 7 19 11
2 12 4
1 13 12 4
2 9 12
1 16 3 4
2 5 17
1 13 10 11
2 10 1
1 12 6 11
2 3 17
1 3 3 11
2 18 9
1 3 7 4
2 0 10
1 8 9 11
2 13 0
1 18 13 11
2 10 9
1 9 1 18
2 6 19
1 4 1 11
2 6 0
1 5 17 11
2 3 17
1 10 2 4
2 5 4
1 10 3 11
2 7 19
1 0 8 11
2 19 19
1 16 10 11
2 6 2
1 8 7 8
2 6 17
1 12 17 4
2 5 4
1 10 5 11
2 1 16
1 15 7 11
2 17 12
1 14 17 11
2 5 14
1 18 18 4
2 5 19
1 15 9 11
2 2 12
1 9 11 13
2 16 19
1 2 18 13
2 13 12
1 14 5 11
2 6 4
1 9 12 8
2 10 4
1 7 10 11
2 13 11
1 7 16 11
2 2 7
1 2 1 4
2 17 15
1 1 14 11
2 10 15
1 2 7 11
2 6 7
1 9 17 11
2 0 4
1 11 12 0
2 5 12
1 7 2 4
2 1 6
1 16 6 11
2 16 6
1 11 0 11
2 4 6
1 1 11 11
2 9 13
1 16 2 11
2 14 13
1 14 19 11
2 15 12
1 7 15 11
2 11 18
1 1 5 11
2 9 15
1 1 2 11
2 9 7
1 1 13 18
2 2 15
1 2 3 4
2 9 18
1 10 10 11
2 14 1
1 2 12 11
2 0 12
1 19 4 18
2 17 5
1 19 17 11
2 16 16
1 1 4 4
2 12 5
1 8 3 11
2 14 16
1 5 6 11
2 17 0
1 7 9 8
2 0 19
1 19 4 11
2 8 0
1 16 18 11
2 12 2
1 8 19 4
2 7 15
1 9 4 11
2 10 5
1 18 1 11
2 15 8
1 9 16 18
2 10 11
1 19 17 18
2 10 8
1 5 12 18
2 13 13
1 3 15 4
2 9 13
1 10 1 11
2 13 10
1 12 14 18
2 2 19
1 5 6 0
2 10 19
1 2 4 10
2 10 13
1 5 1 11
2 2 9
1 6 16 18
2 8 5
1 3 14 11
2 7 9
1 18 4 11
2 5 6
1 8 5 11
2 9 1
1 4 17 8
2 17 6
1 7 15 11
2 15 10
1 17 10 11
2 2 5
1 7 3 11
2 6 18
1 0 10 4
2 4 5
1 17 5 11
2 6 16
1 16 9 0
2 13 0
1 15 8 11
2 7 5
1 11 9 11
2 18 11
1 2 8 11
2 18 13
1 13 6 11
2 2 6
1 13 14 13
2 17 9
1 1 7 8
2 9 17
1 5 3 13
2 9 17
1 6 10 11
2 10 15
1 11 2 11
2 12 9
1 13 6 4
2 6 17
1 14 19 11
2 9 3
1 7 2 18
2 15 0
1 2 14 11
2 4 19
1 6 11 11
2 16 17
1 2 14 13
2 3 0
1 19 15 11
2 1 2
1 12 16 4
2 19 3
1 2 12 11
2 15 14
1 14 8 11
2 0 5
1 15 7 0
2 11 1
1 15 5 11
2 7 2
1 2 3 11
2 5 13
1 8 4 13
2 16 12
1 16 17 18
2 7 19
1 19 5 11
2 14 7
1 9 19 11
2 1 7
1 6 19 11
2 13 18
1 5 13 0
2 4 18
1 14 14 11
2 3 4
1 10 17 11
2 16 16
1 9 18 11
2 1 10
1 3 15 11
2 4 17
1 6 16 11
2 15 14
1 2 6 11
2 3 14
1 19 3 11
2 9 16
1 12 13 11
2 15 12
1 14 3 11
2 19 11
1 12 18 4
2 14 11
1 11 16 11
2 1 5
1 13 7 11
2 6 18
1 4 0 11
2 10 16
1 5 18 11
2 14 6
1 7 12 13
2 9 3
1 19 7 11
2 8 6
1 4 9 11
2 7 17
1 17 19 11
2 13 17
1 9 10 11
2 8 1
1 1 4 11
2 1 15
1 6 3 4
2 13 2
1 18 8 14
2 19 2
1 17 7 18
2 18 4
1 18 6 11
2 5 18
1 17 1 11
2 5 16
1 17 19 8
2 15 4
1 3 10 4
2 15 3
1 1 13 11
2 9 8
1 17 12 11
2 3 5
1 14 17 11
2 0 8
1 7 19 11
2 15 19
1 12 18 11
2 9 7
1 8 16 11
2 6 6
1 15 12 11
2 9 10
1 19 14 11
2 10 9
1 10 6 11
2 11 5
1 8 6 11
2 6 11
1 9 8 4
2 2 8
1 3 6 11
2 1 11
1 11 7 4
2 15 0
1 1 14 4
2 19 12
1 6 8 0
2 8 14
1 7 1 11
2 11 19
1 4 13 11
2 2 18
1 4 18 11
2 4 16
1 6 12 11
2 8 0
1 12 1 8
2 13 1
1 11 18 11
2 17 6
1 16 7 8
2 13 14
1 10 9 4
2 10 18
1 12 3 11
2 17 19
1 14 10 11
2 3 13
1 0 9 11
2 2 13
1 10 15 11
2 8 8
