51 89
31 63
98 80
78 59
23 58
51 4
57 54
49 52
57 59
99 94
77 44
40 97
53 80
56 57
98 25
88 70
60 17
62 90
80 55
95 47
74 33
3 17
31 68
32 41
83 53
56 20
47 62
71 7
35 92
55 46
27 37
18 36
71 16
80 17
61 34
31 86
32 15
16 85
82 23
1 39
95 54
51 77
17 98
82 23
57 9
67 91
99 22
62 92
22 45
55 91
16 0
43 81
48 68
45 55
33 93
95 1
22 83
66 64
67 35
66 47
99 4
4 25
68 53
87 28
91 11
92 7
84 89
36 8
69 27
70 79
24 3
95 96
44 43
75 74
15 66
30 60
12 8
39 9
29 7
62 96
61 40
50 21
76 87
86 35
5 14
66 61
11 47
90 58
80 88
40 65
57 40
14 86
50 3
0 82
97 39
65 94
38 4
38 82
9 1
34 15
